1	 0.600	 0	 0	 0	 0	 0	 0
1	 0.600	 0	 0	 0	 0	 0	 0
1	 0.600	 0	 0	 0	 0	 0	 0
1	 0.600	 0	 0	 0	 0	 0	 0
1	 0.350	 4	 4	 5	 5	 0	 1
1	 0.150	 3	 3	 5	 5	 0	 1
2	 0.300	 7	 7	 5	 5	 1	 1
2	 0.350	 0	 6	 0	 5	 0	 1
2	 0.300	 6	 0	 5	 0	 0	 1
2	 0.350	 6	 1	 5	 5	 0	 1
2	 0.050	 0	 1	 0	 5	 0	 1
2	 0.050	 0	 1	 0	 5	 0	 1
2	 0.200	 6	 0	 5	 0	 0	 1
2	 0.250	 6	 0	 5	 0	 0	 1
2	 0.100	 0	 0	 0	 0	 1	 1
2	 0.050	 6	 0	 5	 0	 0	 1
2	 0.300	 0	 0	 0	 0	 1	 1
2	 0.050	 6	 0	 5	 0	 0	 1
3	 0.350	 6	 0	 5	 0	 0	 1
3	 0.300	 6	 6	 5	 5	 0	 1
3	 0.200	 6	 0	 5	 0	 0	 1
3	 0.100	 6	 1	 5	 5	 0	 1
3	 0.050	 0	 1	 0	 5	 0	 1
3	 0.050	 0	 1	 0	 5	 0	 1
3	 0.200	 6	 0	 5	 0	 0	 1
3	 0.250	 6	 0	 5	 0	 0	 1
3	 0.100	 6	 0	 5	 0	 0	 1
3	 0.300	 7	 0	 5	 0	 1	 1
3	 0.350	 6	 0	 5	 0	 0	 1
4	 0.300	 6	 0	 5	 0	 0	 1
4	 0.250	 6	 0	 5	 0	 0	 1
4	 0.100	 6	 1	 5	 5	 0	 1
4	 0.100	 0	 1	 0	 5	 0	 1
4	 0.200	 6	 0	 5	 0	 0	 1
4	 0.250	 6	 0	 5	 0	 0	 1
4	 0.100	 6	 0	 5	 0	 1	 1
4	 0.300	 7	 0	 5	 0	 1	 1
4	 0.350	 0	 4	 0	 5	 0	 1
4	 0.050	 0	 4	 0	 5	 0	 1
4	 0.100	 0	 4	 0	 5	 0	 1
4	 0.050	 0	 4	 0	 5	 0	 1
4	 0.150	 4	 0	 5	 0	 0	 1
4	 0.050	 4	 0	 5	 0	 0	 1
5	 0.250	 4	 4	 5	 5	 0	 1
5	 0.300	 3	 3	 5	 5	 0	 1
5	 0.300	 2	 0	 5	 0	 0	 1
5	 0.300	 8	 7	 5	 5	 1	 1
5	 0.350	 0	 6	 0	 5	 0	 1
5	 0.300	 0	 6	 0	 5	 0	 1
5	 0.250	 6	 0	 5	 0	 0	 1
5	 0.050	 7	 1	 5	 5	 0	 1
5	 0.050	 0	 1	 0	 5	 0	 1
5	 0.050	 0	 1	 0	 5	 0	 1
6	 0.250	 6	 0	 5	 0	 0	 1
6	 0.300	 6	 0	 5	 0	 1	 1
6	 0.150	 6	 0	 5	 0	 0	 1
6	 0.100	 6	 0	 5	 0	 0	 1
6	 0.100	 0	 0	 0	 0	 1	 1
6	 0.050	 6	 0	 5	 0	 0	 1
6	 0.350	 6	 0	 5	 0	 0	 1
6	 0.250	 6	 0	 5	 0	 0	 1
6	 0.100	 6	 0	 5	 0	 0	 1
6	 0.350	 7	 1	 5	 5	 0	 1
6	 0.050	 0	 1	 0	 5	 0	 1
6	 0.050	 0	 1	 0	 5	 0	 1
6	 0.050	 0	 1	 0	 5	 0	 1
6	 0.200	 6	 0	 5	 0	 0	 1
7	 0.300	 6	 0	 5	 0	 0	 1
7	 0.250	 6	 0	 5	 0	 0	 1
7	 0.050	 0	 7	 0	 5	 1	 1
7	 0.350	 6	 0	 5	 0	 0	 1
7	 0.250	 0	 6	 0	 5	 0	 1
7	 0.050	 0	 6	 0	 5	 0	 1
7	 0.250	 6	 0	 5	 0	 0	 1
7	 0.100	 6	 1	 5	 5	 0	 1
7	 0.050	 0	 1	 0	 5	 0	 1
7	 0.100	 0	 1	 0	 5	 0	 1
7	 0.200	 6	 0	 5	 0	 0	 1
7	 0.250	 6	 0	 5	 0	 0	 1
7	 0.100	 0	 0	 0	 0	 1	 1
7	 0.050	 6	 0	 5	 0	 0	 1
8	 0.300	 0	 0	 0	 0	 1	 1
8	 0.050	 6	 0	 5	 0	 0	 1
8	 0.350	 6	 0	 5	 0	 0	 1
8	 0.350	 6	 0	 5	 0	 0	 1
8	 0.350	 0	 1	 0	 5	 0	 1
8	 0.050	 0	 1	 0	 5	 0	 1
8	 0.300	 4	 4	 5	 5	 0	 1
8	 0.150	 4	 4	 5	 5	 0	 1
8	 0.150	 3	 3	 5	 5	 0	 1
8	 0.300	 7	 7	 5	 5	 1	 1
9	 0.350	 0	 6	 0	 5	 0	 1
9	 0.300	 6	 0	 5	 0	 0	 1
9	 0.250	 0	 6	 0	 5	 0	 1
9	 0.050	 7	 1	 5	 5	 0	 1
9	 0.050	 0	 1	 0	 5	 0	 1
9	 0.300	 6	 0	 5	 0	 0	 1
9	 0.300	 6	 0	 5	 0	 1	 1
9	 0.300	 0	 0	 0	 0	 1	 1
9	 0.050	 8	 0	 5	 0	 0	 1
9	 0.300	 6	 0	 5	 0	 0	 1
10	 0.350	 6	 0	 5	 0	 0	 1
10	 0.250	 6	 0	 5	 0	 0	 1
10	 0.100	 7	 1	 5	 5	 0	 1
10	 0.050	 0	 1	 0	 5	 0	 1
10	 0.300	 6	 0	 5	 0	 0	 1
10	 0.250	 6	 0	 5	 0	 0	 1
10	 0.050	 6	 0	 5	 0	 0	 1
10	 0.200	 6	 0	 5	 0	 0	 1
10	 0.050	 6	 0	 5	 0	 0	 1
10	 0.100	 8	 0	 5	 0	 1	 1
10	 0.300	 0	 7	 0	 5	 1	 1
10	 0.300	 8	 0	 5	 0	 1	 1
11	 0.150	 8	 0	 5	 0	 0	 1
11	 0.150	 0	 7	 0	 5	 1	 1
11	 0.600	 0	 0	 0	 0	 0	 0
11	 0.350	 8	 7	 5	 5	 1	 1
11	 0.350	 0	 6	 0	 5	 0	 1
11	 0.300	 0	 6	 0	 5	 0	 1
11	 0.350	 5	 1	 5	 5	 0	 1
11	 0.050	 0	 1	 0	 5	 0	 1
12	 0.300	 4	 0	 5	 0	 0	 1
12	 0.050	 4	 0	 5	 0	 0	 1
12	 0.300	 3	 3	 5	 5	 0	 1
12	 0.300	 0	 0	 0	 0	 1	 1
12	 0.050	 8	 7	 5	 5	 0	 1
12	 0.300	 0	 0	 0	 0	 1	 1
12	 0.050	 8	 7	 5	 5	 0	 1
12	 0.300	 0	 0	 0	 0	 1	 1
12	 0.050	 8	 7	 5	 5	 0	 1
12	 0.300	 0	 0	 0	 0	 1	 1
12	 0.050	 8	 7	 5	 5	 0	 1
12	 0.050	 0	 0	 0	 0	 1	 1
13	 0.600	 0	 0	 0	 0	 0	 0
13	 0.300	 1	 0	 5	 0	 0	 1
13	 0.600	 0	 0	 0	 0	 0	 0
13	 0.400	 1	 1	 5	 5	 0	 1
13	 0.300	 4	 0	 5	 0	 0	 1
13	 0.050	 4	 0	 5	 0	 0	 1
13	 0.150	 4	 4	 5	 5	 0	 1
14	 0.150	 3	 3	 5	 5	 0	 1
14	 0.300	 0	 0	 0	 0	 1	 1
14	 0.050	 4	 4	 5	 5	 0	 1
14	 0.300	 4	 4	 5	 5	 0	 1
14	 0.150	 4	 4	 5	 5	 0	 1
14	 0.150	 3	 3	 5	 5	 0	 1
14	 0.300	 4	 4	 5	 5	 0	 1
14	 0.300	 3	 3	 5	 5	 0	 1
14	 0.300	 2	 0	 5	 0	 0	 1
14	 0.350	 5	 1	 5	 5	 0	 1
15	 0.600	 0	 0	 0	 0	 0	 0
15	 0.300	 0	 0	 0	 0	 1	 1
15	 0.050	 8	 0	 5	 0	 0	 1
15	 0.050	 0	 0	 0	 0	 1	 1
15	 0.600	 0	 0	 0	 0	 0	 0
15	 0.300	 2	 2	 5	 5	 0	 1
15	 0.300	 0	 3	 0	 5	 0	 1
15	 0.050	 0	 3	 0	 5	 0	 1
16	 0.600	 0	 0	 0	 0	 0	 0
16	 0.600	 0	 0	 0	 0	 0	 0
16	 0.600	 0	 0	 0	 0	 0	 0
17	 0.600	 0	 0	 0	 0	 0	 0
17	 0.600	 0	 0	 0	 0	 0	 0
17	 0.600	 0	 0	 0	 0	 0	 0
18	 0.600	 0	 0	 0	 0	 0	 0
18	 0.600	 0	 0	 0	 0	 0	 0
18	 0.600	 0	 0	 0	 0	 0	 0
19	 0.600	 0	 0	 0	 0	 0	 0
19	 0.600	 0	 0	 0	 0	 0	 0
19	 0.600	 0	 0	 0	 0	 0	 0
20	 0.600	 0	 0	 0	 0	 0	 0
20	 0.550	 2	 2	 5	 5	 0	 1
20	 0.050	 0	 3	 0	 5	 0	 1
20	 0.050	 0	 3	 0	 5	 0	 1
20	 0.600	 0	 0	 0	 0	 0	 0
21	 0.600	 0	 0	 0	 0	 0	 0
21	 0.600	 0	 0	 0	 0	 0	 0
21	 0.150	 2	 0	 5	 0	 0	 1
21	 0.050	 2	 0	 5	 0	 0	 1
21	 0.050	 0	 3	 0	 5	 0	 1
21	 0.600	 0	 0	 0	 0	 0	 0
22	 0.400	 0	 3	 0	 5	 0	 1
22	 0.600	 0	 0	 0	 0	 0	 0
22	 0.400	 2	 0	 5	 0	 0	 1
22	 0.100	 0	 3	 0	 5	 0	 1
22	 0.050	 0	 3	 0	 5	 0	 1
22	 0.600	 0	 0	 0	 0	 0	 0
23	 0.350	 0	 3	 0	 5	 0	 1
23	 0.050	 0	 3	 0	 5	 0	 1
23	 0.600	 0	 0	 0	 0	 0	 0
23	 0.400	 2	 0	 5	 0	 0	 1
23	 0.050	 2	 0	 5	 0	 0	 1
23	 0.050	 0	 3	 0	 5	 0	 1
23	 0.050	 0	 3	 0	 5	 0	 1
23	 0.600	 0	 0	 0	 0	 0	 0
24	 0.600	 0	 0	 0	 0	 0	 0
24	 0.600	 0	 0	 0	 0	 0	 0
24	 0.150	 2	 0	 5	 0	 0	 1
24	 0.100	 0	 3	 0	 5	 0	 1
24	 0.050	 0	 3	 0	 5	 0	 1
24	 0.600	 0	 0	 0	 0	 0	 0
25	 0.350	 0	 3	 0	 5	 0	 1
25	 0.600	 0	 0	 0	 0	 0	 0
25	 0.400	 2	 0	 5	 0	 0	 1
25	 0.050	 2	 0	 5	 0	 0	 1
25	 0.050	 0	 3	 0	 5	 0	 1
25	 0.600	 0	 0	 0	 0	 0	 0
26	 0.400	 0	 3	 0	 5	 0	 1
26	 0.600	 0	 0	 0	 0	 0	 0
26	 0.400	 2	 0	 5	 0	 0	 1
26	 0.100	 0	 3	 0	 5	 0	 1
26	 0.050	 0	 3	 0	 5	 0	 1
26	 0.600	 0	 0	 0	 0	 0	 0
27	 0.600	 0	 0	 0	 0	 0	 0
27	 0.600	 0	 0	 0	 0	 0	 0
27	 0.150	 2	 0	 5	 0	 0	 1
27	 0.050	 2	 0	 5	 0	 0	 1
27	 0.050	 0	 3	 0	 5	 0	 1
27	 0.050	 0	 3	 0	 5	 0	 1
27	 0.600	 0	 0	 0	 0	 0	 0
28	 0.350	 0	 3	 0	 5	 0	 1
28	 0.600	 0	 0	 0	 0	 0	 0
28	 0.400	 2	 2	 5	 5	 0	 1
28	 0.050	 0	 3	 0	 5	 0	 1
28	 0.050	 0	 3	 0	 5	 0	 1
28	 0.600	 0	 0	 0	 0	 0	 0
29	 0.350	 0	 3	 0	 5	 0	 1
29	 0.600	 0	 0	 0	 0	 0	 0
29	 0.400	 2	 2	 5	 5	 0	 1
29	 0.050	 0	 3	 0	 5	 0	 1
29	 0.050	 0	 3	 0	 5	 0	 1
29	 0.600	 0	 0	 0	 0	 0	 0
30	 0.400	 0	 3	 0	 5	 0	 1
30	 0.600	 0	 0	 0	 0	 0	 0
30	 0.400	 2	 2	 5	 5	 0	 1
30	 0.050	 0	 3	 0	 5	 0	 1
30	 0.050	 0	 3	 0	 5	 0	 1
30	 0.600	 0	 0	 0	 0	 0	 0
31	 0.400	 0	 3	 0	 5	 0	 1
31	 0.600	 0	 0	 0	 0	 0	 0
31	 0.400	 2	 2	 5	 5	 0	 1
31	 0.050	 0	 3	 0	 5	 0	 1
31	 0.600	 0	 0	 0	 0	 0	 0
32	 0.600	 0	 0	 0	 0	 0	 0
32	 0.600	 0	 0	 0	 0	 0	 0
32	 0.200	 2	 0	 5	 0	 0	 1
32	 0.050	 2	 0	 5	 0	 0	 1
32	 0.050	 0	 3	 0	 5	 0	 1
32	 0.050	 3	 3	 5	 5	 0	 1
32	 0.600	 0	 0	 0	 0	 0	 0
33	 0.350	 3	 0	 5	 0	 0	 1
33	 0.600	 0	 0	 0	 0	 0	 0
33	 0.400	 2	 2	 5	 5	 0	 1
33	 0.050	 0	 3	 0	 5	 0	 1
33	 0.050	 0	 3	 0	 5	 0	 1
33	 0.600	 0	 0	 0	 0	 0	 0
34	 0.600	 0	 0	 0	 0	 0	 0
34	 0.600	 0	 0	 0	 0	 0	 0
34	 0.150	 2	 0	 5	 0	 0	 1
34	 0.050	 2	 0	 5	 0	 0	 1
34	 0.050	 0	 3	 0	 5	 0	 1
34	 0.050	 0	 3	 0	 5	 0	 1
34	 0.600	 0	 0	 0	 0	 0	 0
35	 0.400	 0	 3	 0	 5	 0	 1
35	 0.600	 0	 0	 0	 0	 0	 0
35	 0.400	 2	 2	 5	 5	 0	 1
35	 0.050	 0	 3	 0	 5	 0	 1
35	 0.050	 0	 3	 0	 5	 0	 1
35	 0.200	 2	 0	 5	 0	 0	 1
35	 0.250	 0	 2	 0	 5	 0	 1
35	 0.050	 0	 2	 0	 5	 0	 1
35	 0.250	 3	 0	 5	 0	 0	 1
35	 0.050	 3	 0	 5	 0	 0	 1
35	 0.050	 3	 0	 5	 0	 0	 1
35	 0.050	 3	 0	 5	 0	 0	 1
36	 0.400	 0	 7	 0	 5	 1	 1
36	 0.550	 5	 5	 5	 5	 0	 1
36	 0.500	 5	 1	 5	 5	 0	 1
36	 0.450	 5	 5	 5	 5	 1	 1
37	 0.500	 5	 5	 5	 5	 1	 1
37	 0.050	 0	 0	 0	 0	 1	 1
37	 0.500	 5	 5	 5	 5	 0	 1
37	 0.500	 5	 1	 5	 5	 0	 1
37	 0.500	 5	 5	 5	 5	 0	 1
38	 0.500	 0	 0	 0	 0	 1	 1
38	 0.050	 5	 5	 5	 5	 0	 1
38	 0.500	 5	 5	 5	 5	 0	 1
38	 0.500	 5	 1	 5	 5	 0	 1
38	 0.500	 5	 5	 5	 5	 0	 1
39	 0.500	 0	 0	 0	 0	 1	 1
39	 0.050	 5	 5	 5	 5	 0	 1
39	 0.500	 5	 5	 5	 5	 0	 1
39	 0.500	 5	 1	 5	 5	 0	 1
39	 0.500	 5	 5	 5	 5	 0	 1
40	 0.500	 8	 0	 5	 0	 1	 1
40	 0.550	 5	 5	 5	 5	 0	 1
40	 0.500	 5	 1	 5	 5	 0	 1
40	 0.450	 0	 0	 0	 0	 1	 1
40	 0.050	 5	 5	 5	 5	 0	 1
41	 0.500	 0	 0	 0	 0	 1	 1
41	 0.050	 5	 5	 5	 5	 0	 1
41	 0.050	 0	 0	 0	 0	 1	 1
41	 0.500	 5	 5	 5	 5	 0	 1
41	 0.500	 5	 1	 5	 5	 0	 1
41	 0.500	 5	 5	 5	 5	 0	 1
42	 0.500	 8	 0	 5	 0	 1	 1
42	 0.450	 0	 5	 0	 5	 0	 1
42	 0.450	 5	 1	 5	 5	 0	 1
42	 0.450	 5	 5	 5	 5	 0	 1
42	 0.450	 5	 1	 5	 5	 0	 1
43	 0.450	 5	 5	 5	 5	 0	 1
43	 0.450	 5	 1	 5	 5	 0	 1
43	 0.100	 0	 1	 0	 5	 0	 1
43	 0.350	 5	 5	 5	 5	 0	 1
43	 0.450	 4	 4	 5	 5	 0	 1
43	 0.100	 4	 0	 5	 0	 0	 1
43	 0.050	 4	 0	 5	 0	 0	 1
43	 0.050	 4	 1	 5	 5	 0	 1
43	 0.050	 0	 1	 0	 5	 0	 1
43	 0.100	 0	 1	 0	 5	 0	 1
43	 0.100	 0	 1	 0	 5	 0	 1
43	 0.100	 0	 1	 0	 5	 0	 1
44	 0.050	 0	 1	 0	 5	 0	 1
44	 0.100	 0	 1	 0	 5	 0	 1
44	 0.050	 0	 1	 0	 5	 0	 1
44	 0.050	 4	 0	 5	 0	 0	 1
44	 0.050	 4	 0	 5	 0	 0	 1
44	 0.050	 4	 4	 5	 5	 0	 1
44	 0.100	 4	 0	 5	 0	 0	 1
44	 0.250	 0	 4	 0	 5	 0	 1
44	 0.050	 0	 4	 0	 5	 0	 1
44	 0.100	 0	 4	 0	 5	 0	 1
44	 0.100	 2	 4	 5	 5	 0	 1
44	 0.050	 2	 0	 5	 0	 0	 1
44	 0.150	 0	 4	 0	 5	 0	 1
44	 0.250	 7	 0	 5	 0	 1	 1
44	 0.450	 5	 1	 5	 5	 0	 1
44	 0.050	 5	 1	 5	 5	 0	 1
44	 0.050	 0	 1	 0	 5	 0	 1
44	 0.050	 0	 1	 0	 5	 0	 1
44	 0.050	 0	 1	 0	 5	 0	 1
44	 0.050	 5	 1	 5	 5	 1	 1
44	 0.050	 0	 1	 0	 5	 0	 1
44	 0.050	 0	 1	 0	 5	 0	 1
44	 0.100	 5	 0	 5	 0	 0	 1
45	 0.200	 5	 0	 5	 0	 0	 1
45	 0.200	 5	 1	 5	 5	 0	 1
45	 0.050	 0	 1	 0	 5	 0	 1
45	 0.050	 0	 1	 0	 5	 0	 1
45	 0.050	 0	 1	 0	 5	 0	 1
45	 0.050	 0	 1	 0	 5	 0	 1
45	 0.050	 5	 1	 5	 5	 0	 1
45	 0.050	 0	 1	 0	 5	 0	 1
45	 0.050	 0	 1	 0	 5	 0	 1
45	 0.100	 5	 0	 5	 0	 1	 1
45	 0.200	 5	 0	 5	 0	 0	 1
45	 0.200	 5	 1	 5	 5	 0	 1
45	 0.050	 0	 1	 0	 5	 0	 1
45	 0.050	 0	 1	 0	 5	 0	 1
45	 0.100	 0	 1	 0	 5	 0	 1
45	 0.050	 5	 1	 5	 5	 1	 1
45	 0.050	 0	 1	 0	 5	 0	 1
45	 0.050	 0	 1	 0	 5	 0	 1
45	 0.050	 0	 1	 0	 5	 0	 1
45	 0.050	 5	 0	 5	 0	 0	 1
45	 0.200	 5	 0	 5	 0	 0	 1
45	 0.200	 5	 1	 5	 5	 0	 1
45	 0.100	 0	 1	 0	 5	 0	 1
45	 0.050	 0	 1	 0	 5	 0	 1
45	 0.050	 0	 1	 0	 5	 0	 1
45	 0.050	 5	 1	 5	 5	 0	 1
46	 0.050	 1	 1	 5	 5	 0	 1
46	 0.050	 0	 5	 0	 5	 1	 1
46	 0.200	 5	 1	 5	 5	 0	 1
46	 0.200	 5	 1	 5	 5	 0	 1
46	 0.100	 0	 1	 0	 5	 0	 1
46	 0.050	 0	 1	 0	 5	 0	 1
46	 0.050	 0	 1	 0	 5	 0	 1
46	 0.050	 5	 1	 5	 5	 1	 1
46	 0.050	 1	 1	 5	 5	 0	 1
46	 0.050	 1	 0	 5	 0	 0	 1
46	 0.100	 0	 5	 0	 5	 1	 1
46	 0.100	 1	 0	 5	 0	 0	 1
46	 0.100	 0	 5	 0	 5	 0	 1
46	 0.200	 5	 1	 5	 5	 0	 1
46	 0.100	 0	 1	 0	 5	 0	 1
46	 0.050	 0	 1	 0	 5	 0	 1
46	 0.050	 0	 1	 0	 5	 0	 1
46	 0.050	 5	 1	 5	 5	 0	 1
46	 0.050	 1	 1	 5	 5	 0	 1
46	 0.100	 1	 0	 5	 0	 0	 1
46	 0.050	 0	 5	 0	 5	 1	 1
46	 0.100	 1	 0	 5	 0	 0	 1
46	 0.100	 5	 1	 5	 5	 0	 1
46	 0.200	 5	 1	 5	 5	 0	 1
46	 0.050	 0	 1	 0	 5	 0	 1
46	 0.050	 0	 1	 0	 5	 0	 1
46	 0.050	 0	 1	 0	 5	 0	 1
47	 0.050	 0	 1	 0	 5	 0	 1
47	 0.050	 5	 1	 5	 5	 1	 1
47	 0.050	 0	 1	 0	 5	 0	 1
47	 0.050	 0	 1	 0	 5	 0	 1
47	 0.050	 0	 1	 0	 5	 0	 1
47	 0.050	 0	 1	 0	 5	 0	 1
47	 0.050	 5	 0	 5	 0	 1	 1
47	 0.100	 0	 1	 0	 5	 0	 1
47	 0.100	 5	 0	 5	 0	 0	 1
47	 0.200	 0	 1	 0	 5	 0	 1
47	 0.050	 0	 1	 0	 5	 0	 1
47	 0.050	 0	 1	 0	 5	 0	 1
47	 0.100	 0	 1	 0	 5	 0	 1
47	 0.050	 5	 1	 5	 5	 1	 1
47	 0.050	 0	 1	 0	 5	 0	 1
47	 0.100	 1	 1	 5	 5	 0	 1
47	 0.050	 8	 1	 5	 5	 1	 1
47	 0.200	 5	 0	 5	 0	 0	 1
47	 0.200	 5	 1	 5	 5	 0	 1
47	 0.050	 0	 1	 0	 5	 0	 1
47	 0.050	 0	 1	 0	 5	 0	 1
47	 0.050	 0	 1	 0	 5	 0	 1
47	 0.050	 1	 1	 5	 5	 0	 1
47	 0.050	 0	 5	 0	 5	 1	 1
47	 0.150	 1	 1	 5	 5	 0	 1
47	 0.050	 0	 5	 0	 5	 0	 1
47	 0.150	 1	 0	 5	 0	 0	 1
47	 0.100	 0	 5	 0	 5	 0	 1
48	 0.200	 5	 1	 5	 5	 0	 1
48	 0.050	 0	 1	 0	 5	 0	 1
48	 0.050	 0	 1	 0	 5	 0	 1
48	 0.050	 0	 1	 0	 5	 0	 1
48	 0.050	 0	 1	 0	 5	 0	 1
48	 0.050	 5	 1	 5	 5	 1	 1
48	 0.050	 1	 1	 5	 5	 0	 1
48	 0.150	 0	 5	 0	 5	 1	 1
48	 0.200	 5	 1	 5	 5	 0	 1
48	 0.200	 5	 1	 5	 5	 0	 1
48	 0.050	 0	 1	 0	 5	 0	 1
48	 0.050	 0	 1	 0	 5	 0	 1
48	 0.050	 0	 1	 0	 5	 0	 1
48	 0.050	 0	 1	 0	 5	 0	 1
48	 0.050	 5	 1	 5	 5	 1	 1
48	 0.050	 0	 1	 0	 5	 0	 1
48	 0.100	 0	 1	 0	 5	 0	 1
48	 0.050	 5	 1	 5	 5	 0	 1
48	 0.050	 0	 1	 0	 5	 0	 1
48	 0.350	 0	 1	 0	 5	 0	 1
48	 0.050	 0	 1	 0	 5	 0	 1
48	 0.200	 1	 0	 5	 0	 0	 1
48	 0.100	 1	 0	 5	 0	 0	 1
48	 0.100	 8	 0	 5	 0	 1	 1
49	 0.200	 5	 1	 5	 5	 0	 1
49	 0.200	 8	 1	 5	 5	 0	 1
49	 0.050	 0	 1	 0	 5	 0	 1
49	 0.300	 0	 1	 0	 5	 0	 1
49	 0.100	 0	 1	 0	 5	 0	 1
49	 0.050	 0	 1	 0	 5	 0	 1
49	 0.100	 7	 2	 5	 5	 0	 1
49	 0.400	 7	 0	 5	 0	 1	 1
49	 0.450	 0	 5	 0	 5	 0	 1
49	 0.050	 0	 5	 0	 5	 0	 1
49	 0.200	 5	 1	 5	 5	 0	 1
49	 0.100	 0	 1	 0	 5	 0	 1
49	 0.050	 0	 1	 0	 5	 0	 1
49	 0.050	 0	 1	 0	 5	 0	 1
49	 0.050	 5	 1	 5	 5	 0	 1
49	 0.050	 5	 0	 5	 0	 0	 1
50	 0.100	 0	 1	 0	 5	 0	 1
50	 0.100	 4	 0	 5	 0	 0	 1
50	 0.050	 4	 0	 5	 0	 0	 1
50	 0.350	 3	 0	 5	 0	 0	 1
50	 0.050	 0	 2	 0	 5	 0	 1
50	 0.600	 0	 0	 0	 0	 0	 0
50	 0.600	 0	 0	 0	 0	 0	 0
51	 0.600	 0	 0	 0	 0	 0	 0
51	 0.350	 4	 4	 5	 5	 0	 1
51	 0.150	 3	 3	 5	 5	 0	 1
51	 0.300	 7	 7	 5	 5	 1	 1
51	 0.350	 0	 6	 0	 5	 0	 1
51	 0.300	 6	 0	 5	 0	 0	 1
52	 0.350	 6	 1	 5	 5	 0	 1
52	 0.050	 0	 1	 0	 5	 0	 1
52	 0.050	 0	 1	 0	 5	 0	 1
52	 0.200	 6	 0	 5	 0	 0	 1
52	 0.250	 6	 0	 5	 0	 0	 1
52	 0.100	 0	 0	 0	 0	 1	 1
52	 0.050	 6	 0	 5	 0	 0	 1
52	 0.300	 0	 0	 0	 0	 1	 1
52	 0.050	 6	 0	 5	 0	 0	 1
52	 0.350	 6	 0	 5	 0	 0	 1
52	 0.300	 6	 6	 5	 5	 0	 1
52	 0.200	 6	 0	 5	 0	 0	 1
52	 0.100	 6	 1	 5	 5	 0	 1
53	 0.050	 0	 1	 0	 5	 0	 1
53	 0.050	 0	 1	 0	 5	 0	 1
53	 0.200	 6	 0	 5	 0	 0	 1
53	 0.250	 6	 0	 5	 0	 0	 1
53	 0.100	 6	 0	 5	 0	 0	 1
53	 0.300	 7	 0	 5	 0	 1	 1
53	 0.350	 6	 0	 5	 0	 0	 1
53	 0.300	 6	 0	 5	 0	 0	 1
53	 0.250	 6	 0	 5	 0	 0	 1
53	 0.100	 6	 1	 5	 5	 0	 1
53	 0.100	 0	 1	 0	 5	 0	 1
53	 0.200	 6	 0	 5	 0	 0	 1
54	 0.250	 6	 0	 5	 0	 0	 1
54	 0.100	 6	 0	 5	 0	 1	 1
54	 0.300	 7	 0	 5	 0	 1	 1
54	 0.350	 0	 4	 0	 5	 0	 1
54	 0.050	 0	 4	 0	 5	 0	 1
54	 0.100	 0	 4	 0	 5	 0	 1
54	 0.050	 0	 4	 0	 5	 0	 1
54	 0.150	 4	 0	 5	 0	 0	 1
54	 0.050	 4	 0	 5	 0	 0	 1
54	 0.250	 4	 4	 5	 5	 0	 1
54	 0.300	 3	 3	 5	 5	 0	 1
54	 0.300	 2	 0	 5	 0	 0	 1
55	 0.300	 8	 7	 5	 5	 1	 1
55	 0.350	 0	 6	 0	 5	 0	 1
55	 0.300	 0	 6	 0	 5	 0	 1
55	 0.250	 6	 0	 5	 0	 0	 1
55	 0.050	 7	 1	 5	 5	 0	 1
55	 0.050	 0	 1	 0	 5	 0	 1
55	 0.050	 0	 1	 0	 5	 0	 1
55	 0.250	 6	 0	 5	 0	 0	 1
55	 0.300	 6	 0	 5	 0	 1	 1
55	 0.150	 6	 0	 5	 0	 0	 1
55	 0.100	 6	 0	 5	 0	 0	 1
55	 0.100	 0	 0	 0	 0	 1	 1
55	 0.050	 6	 0	 5	 0	 0	 1
56	 0.350	 6	 0	 5	 0	 0	 1
56	 0.250	 6	 0	 5	 0	 0	 1
56	 0.100	 6	 0	 5	 0	 0	 1
56	 0.350	 7	 1	 5	 5	 0	 1
56	 0.050	 0	 1	 0	 5	 0	 1
56	 0.050	 0	 1	 0	 5	 0	 1
56	 0.050	 0	 1	 0	 5	 0	 1
56	 0.200	 6	 0	 5	 0	 0	 1
56	 0.300	 6	 0	 5	 0	 0	 1
56	 0.250	 6	 0	 5	 0	 0	 1
56	 0.050	 0	 7	 0	 5	 1	 1
56	 0.350	 6	 0	 5	 0	 0	 1
57	 0.250	 0	 6	 0	 5	 0	 1
57	 0.050	 0	 6	 0	 5	 0	 1
57	 0.250	 6	 0	 5	 0	 0	 1
57	 0.100	 6	 1	 5	 5	 0	 1
57	 0.050	 0	 1	 0	 5	 0	 1
57	 0.100	 0	 1	 0	 5	 0	 1
57	 0.200	 6	 0	 5	 0	 0	 1
57	 0.250	 6	 0	 5	 0	 0	 1
57	 0.100	 0	 0	 0	 0	 1	 1
57	 0.050	 6	 0	 5	 0	 0	 1
57	 0.300	 0	 0	 0	 0	 1	 1
57	 0.050	 6	 0	 5	 0	 0	 1
57	 0.350	 6	 0	 5	 0	 0	 1
58	 0.350	 6	 0	 5	 0	 0	 1
58	 0.350	 0	 1	 0	 5	 0	 1
58	 0.050	 0	 1	 0	 5	 0	 1
58	 0.300	 4	 4	 5	 5	 0	 1
58	 0.150	 4	 4	 5	 5	 0	 1
58	 0.150	 3	 3	 5	 5	 0	 1
58	 0.300	 7	 7	 5	 5	 1	 1
58	 0.350	 0	 6	 0	 5	 0	 1
58	 0.300	 6	 0	 5	 0	 0	 1
59	 0.250	 0	 6	 0	 5	 0	 1
59	 0.050	 7	 1	 5	 5	 0	 1
59	 0.050	 0	 1	 0	 5	 0	 1
59	 0.300	 6	 0	 5	 0	 0	 1
59	 0.300	 6	 0	 5	 0	 1	 1
59	 0.300	 0	 0	 0	 0	 1	 1
59	 0.050	 8	 0	 5	 0	 0	 1
59	 0.300	 6	 0	 5	 0	 0	 1
59	 0.350	 6	 0	 5	 0	 0	 1
59	 0.250	 6	 0	 5	 0	 0	 1
59	 0.100	 7	 1	 5	 5	 0	 1
59	 0.050	 0	 1	 0	 5	 0	 1
60	 0.300	 6	 0	 5	 0	 0	 1
60	 0.250	 6	 0	 5	 0	 0	 1
60	 0.050	 6	 0	 5	 0	 0	 1
60	 0.200	 6	 0	 5	 0	 0	 1
60	 0.050	 6	 0	 5	 0	 0	 1
60	 0.100	 8	 0	 5	 0	 1	 1
60	 0.300	 0	 7	 0	 5	 1	 1
60	 0.300	 8	 0	 5	 0	 1	 1
60	 0.150	 8	 0	 5	 0	 0	 1
60	 0.150	 0	 7	 0	 5	 1	 1
61	 0.600	 0	 0	 0	 0	 0	 0
61	 0.350	 8	 7	 5	 5	 1	 1
61	 0.350	 0	 6	 0	 5	 0	 1
61	 0.300	 0	 6	 0	 5	 0	 1
61	 0.350	 5	 1	 5	 5	 0	 1
61	 0.050	 0	 1	 0	 5	 0	 1
61	 0.300	 4	 0	 5	 0	 0	 1
61	 0.050	 4	 0	 5	 0	 0	 1
62	 0.300	 3	 3	 5	 5	 0	 1
62	 0.300	 0	 0	 0	 0	 1	 1
62	 0.050	 8	 7	 5	 5	 0	 1
62	 0.300	 0	 0	 0	 0	 1	 1
62	 0.050	 8	 7	 5	 5	 0	 1
62	 0.300	 0	 0	 0	 0	 1	 1
62	 0.050	 8	 7	 5	 5	 0	 1
62	 0.300	 0	 0	 0	 0	 1	 1
62	 0.050	 8	 7	 5	 5	 0	 1
62	 0.050	 0	 0	 0	 0	 1	 1
62	 0.600	 0	 0	 0	 0	 0	 0
63	 0.300	 1	 0	 5	 0	 0	 1
63	 0.600	 0	 0	 0	 0	 0	 0
63	 0.400	 1	 1	 5	 5	 0	 1
63	 0.300	 4	 0	 5	 0	 0	 1
63	 0.050	 4	 0	 5	 0	 0	 1
63	 0.150	 4	 4	 5	 5	 0	 1
63	 0.150	 3	 3	 5	 5	 0	 1
63	 0.300	 0	 0	 0	 0	 1	 1
63	 0.050	 4	 4	 5	 5	 0	 1
64	 0.300	 4	 4	 5	 5	 0	 1
64	 0.150	 4	 4	 5	 5	 0	 1
64	 0.150	 3	 3	 5	 5	 0	 1
64	 0.300	 4	 4	 5	 5	 0	 1
64	 0.300	 3	 3	 5	 5	 0	 1
64	 0.300	 2	 0	 5	 0	 0	 1
64	 0.350	 5	 1	 5	 5	 0	 1
65	 0.600	 0	 0	 0	 0	 0	 0
65	 0.300	 0	 0	 0	 0	 1	 1
65	 0.050	 8	 0	 5	 0	 0	 1
65	 0.050	 0	 0	 0	 0	 1	 1
65	 0.600	 0	 0	 0	 0	 0	 0
65	 0.300	 2	 2	 5	 5	 0	 1
65	 0.300	 0	 3	 0	 5	 0	 1
65	 0.050	 0	 3	 0	 5	 0	 1
66	 0.600	 0	 0	 0	 0	 0	 0
66	 0.600	 0	 0	 0	 0	 0	 0
66	 0.600	 0	 0	 0	 0	 0	 0
67	 0.600	 0	 0	 0	 0	 0	 0
67	 0.600	 0	 0	 0	 0	 0	 0
67	 0.600	 0	 0	 0	 0	 0	 0
68	 0.600	 0	 0	 0	 0	 0	 0
68	 0.600	 0	 0	 0	 0	 0	 0
68	 0.600	 0	 0	 0	 0	 0	 0
69	 0.600	 0	 0	 0	 0	 0	 0
69	 0.600	 0	 0	 0	 0	 0	 0
69	 0.600	 0	 0	 0	 0	 0	 0
70	 0.600	 0	 0	 0	 0	 0	 0
70	 0.550	 2	 2	 5	 5	 0	 1
70	 0.050	 0	 3	 0	 5	 0	 1
70	 0.050	 0	 3	 0	 5	 0	 1
70	 0.600	 0	 0	 0	 0	 0	 0
71	 0.600	 0	 0	 0	 0	 0	 0
71	 0.600	 0	 0	 0	 0	 0	 0
71	 0.150	 2	 0	 5	 0	 0	 1
71	 0.050	 2	 0	 5	 0	 0	 1
71	 0.050	 0	 3	 0	 5	 0	 1
71	 0.600	 0	 0	 0	 0	 0	 0
72	 0.400	 0	 3	 0	 5	 0	 1
72	 0.600	 0	 0	 0	 0	 0	 0
72	 0.400	 2	 0	 5	 0	 0	 1
72	 0.100	 0	 3	 0	 5	 0	 1
72	 0.050	 0	 3	 0	 5	 0	 1
72	 0.600	 0	 0	 0	 0	 0	 0
73	 0.350	 0	 3	 0	 5	 0	 1
73	 0.050	 0	 3	 0	 5	 0	 1
73	 0.600	 0	 0	 0	 0	 0	 0
73	 0.400	 2	 0	 5	 0	 0	 1
73	 0.050	 2	 0	 5	 0	 0	 1
73	 0.050	 0	 3	 0	 5	 0	 1
73	 0.050	 0	 3	 0	 5	 0	 1
73	 0.600	 0	 0	 0	 0	 0	 0
74	 0.600	 0	 0	 0	 0	 0	 0
74	 0.600	 0	 0	 0	 0	 0	 0
74	 0.150	 2	 0	 5	 0	 0	 1
74	 0.100	 0	 3	 0	 5	 0	 1
74	 0.050	 0	 3	 0	 5	 0	 1
74	 0.600	 0	 0	 0	 0	 0	 0
75	 0.350	 0	 3	 0	 5	 0	 1
75	 0.600	 0	 0	 0	 0	 0	 0
75	 0.400	 2	 0	 5	 0	 0	 1
75	 0.050	 2	 0	 5	 0	 0	 1
75	 0.050	 0	 3	 0	 5	 0	 1
75	 0.600	 0	 0	 0	 0	 0	 0
76	 0.400	 0	 3	 0	 5	 0	 1
76	 0.600	 0	 0	 0	 0	 0	 0
76	 0.400	 2	 0	 5	 0	 0	 1
76	 0.100	 0	 3	 0	 5	 0	 1
76	 0.050	 0	 3	 0	 5	 0	 1
76	 0.600	 0	 0	 0	 0	 0	 0
77	 0.600	 0	 0	 0	 0	 0	 0
77	 0.600	 0	 0	 0	 0	 0	 0
77	 0.150	 2	 0	 5	 0	 0	 1
77	 0.050	 2	 0	 5	 0	 0	 1
77	 0.050	 0	 3	 0	 5	 0	 1
77	 0.050	 0	 3	 0	 5	 0	 1
77	 0.600	 0	 0	 0	 0	 0	 0
78	 0.350	 0	 3	 0	 5	 0	 1
78	 0.600	 0	 0	 0	 0	 0	 0
78	 0.400	 2	 2	 5	 5	 0	 1
78	 0.050	 0	 3	 0	 5	 0	 1
78	 0.050	 0	 3	 0	 5	 0	 1
78	 0.600	 0	 0	 0	 0	 0	 0
79	 0.350	 0	 3	 0	 5	 0	 1
79	 0.600	 0	 0	 0	 0	 0	 0
79	 0.400	 2	 2	 5	 5	 0	 1
79	 0.050	 0	 3	 0	 5	 0	 1
79	 0.050	 0	 3	 0	 5	 0	 1
79	 0.600	 0	 0	 0	 0	 0	 0
80	 0.400	 0	 3	 0	 5	 0	 1
80	 0.600	 0	 0	 0	 0	 0	 0
80	 0.400	 2	 2	 5	 5	 0	 1
80	 0.050	 0	 3	 0	 5	 0	 1
80	 0.050	 0	 3	 0	 5	 0	 1
80	 0.600	 0	 0	 0	 0	 0	 0
81	 0.400	 0	 3	 0	 5	 0	 1
81	 0.600	 0	 0	 0	 0	 0	 0
81	 0.400	 2	 2	 5	 5	 0	 1
81	 0.050	 0	 3	 0	 5	 0	 1
81	 0.600	 0	 0	 0	 0	 0	 0
82	 0.600	 0	 0	 0	 0	 0	 0
82	 0.600	 0	 0	 0	 0	 0	 0
82	 0.200	 2	 0	 5	 0	 0	 1
82	 0.050	 2	 0	 5	 0	 0	 1
82	 0.050	 0	 3	 0	 5	 0	 1
82	 0.050	 3	 3	 5	 5	 0	 1
82	 0.600	 0	 0	 0	 0	 0	 0
83	 0.350	 3	 0	 5	 0	 0	 1
83	 0.600	 0	 0	 0	 0	 0	 0
83	 0.400	 2	 2	 5	 5	 0	 1
83	 0.050	 0	 3	 0	 5	 0	 1
83	 0.050	 0	 3	 0	 5	 0	 1
83	 0.600	 0	 0	 0	 0	 0	 0
84	 0.600	 0	 0	 0	 0	 0	 0
84	 0.600	 0	 0	 0	 0	 0	 0
84	 0.150	 2	 0	 5	 0	 0	 1
84	 0.050	 2	 0	 5	 0	 0	 1
84	 0.050	 0	 3	 0	 5	 0	 1
84	 0.050	 0	 3	 0	 5	 0	 1
84	 0.600	 0	 0	 0	 0	 0	 0
85	 0.400	 0	 3	 0	 5	 0	 1
85	 0.600	 0	 0	 0	 0	 0	 0
85	 0.400	 2	 2	 5	 5	 0	 1
85	 0.050	 0	 3	 0	 5	 0	 1
85	 0.050	 0	 3	 0	 5	 0	 1
85	 0.200	 2	 0	 5	 0	 0	 1
85	 0.250	 0	 2	 0	 5	 0	 1
85	 0.050	 0	 2	 0	 5	 0	 1
85	 0.250	 3	 0	 5	 0	 0	 1
85	 0.050	 3	 0	 5	 0	 0	 1
85	 0.050	 3	 0	 5	 0	 0	 1
85	 0.050	 3	 0	 5	 0	 0	 1
86	 0.400	 0	 7	 0	 5	 1	 1
86	 0.550	 5	 5	 5	 5	 0	 1
86	 0.500	 5	 1	 5	 5	 0	 1
86	 0.450	 5	 5	 5	 5	 1	 1
87	 0.500	 5	 5	 5	 5	 1	 1
87	 0.050	 0	 0	 0	 0	 1	 1
87	 0.500	 5	 5	 5	 5	 0	 1
87	 0.500	 5	 1	 5	 5	 0	 1
87	 0.500	 5	 5	 5	 5	 0	 1
88	 0.500	 0	 0	 0	 0	 1	 1
88	 0.050	 5	 5	 5	 5	 0	 1
88	 0.500	 5	 5	 5	 5	 0	 1
88	 0.500	 5	 1	 5	 5	 0	 1
88	 0.500	 5	 5	 5	 5	 0	 1
89	 0.500	 0	 0	 0	 0	 1	 1
89	 0.050	 5	 5	 5	 5	 0	 1
89	 0.500	 5	 5	 5	 5	 0	 1
89	 0.500	 5	 1	 5	 5	 0	 1
89	 0.500	 5	 5	 5	 5	 0	 1
90	 0.500	 8	 0	 5	 0	 1	 1
90	 0.550	 5	 5	 5	 5	 0	 1
90	 0.500	 5	 1	 5	 5	 0	 1
90	 0.450	 0	 0	 0	 0	 1	 1
90	 0.050	 5	 5	 5	 5	 0	 1
91	 0.500	 0	 0	 0	 0	 1	 1
91	 0.050	 5	 5	 5	 5	 0	 1
91	 0.050	 0	 0	 0	 0	 1	 1
91	 0.500	 5	 5	 5	 5	 0	 1
91	 0.500	 5	 1	 5	 5	 0	 1
91	 0.500	 5	 5	 5	 5	 0	 1
92	 0.500	 8	 0	 5	 0	 1	 1
92	 0.450	 0	 5	 0	 5	 0	 1
92	 0.450	 5	 1	 5	 5	 0	 1
92	 0.450	 5	 5	 5	 5	 0	 1
92	 0.450	 5	 1	 5	 5	 0	 1
93	 0.450	 5	 5	 5	 5	 0	 1
93	 0.450	 5	 1	 5	 5	 0	 1
93	 0.100	 0	 1	 0	 5	 0	 1
93	 0.350	 5	 5	 5	 5	 0	 1
93	 0.450	 4	 4	 5	 5	 0	 1
93	 0.100	 4	 0	 5	 0	 0	 1
93	 0.050	 4	 0	 5	 0	 0	 1
93	 0.050	 4	 1	 5	 5	 0	 1
93	 0.050	 0	 1	 0	 5	 0	 1
93	 0.100	 0	 1	 0	 5	 0	 1
93	 0.100	 0	 1	 0	 5	 0	 1
93	 0.100	 0	 1	 0	 5	 0	 1
94	 0.050	 0	 1	 0	 5	 0	 1
94	 0.100	 0	 1	 0	 5	 0	 1
94	 0.050	 0	 1	 0	 5	 0	 1
94	 0.050	 4	 0	 5	 0	 0	 1
94	 0.050	 4	 0	 5	 0	 0	 1
94	 0.050	 4	 4	 5	 5	 0	 1
94	 0.100	 4	 0	 5	 0	 0	 1
94	 0.250	 0	 4	 0	 5	 0	 1
94	 0.050	 0	 4	 0	 5	 0	 1
94	 0.100	 0	 4	 0	 5	 0	 1
94	 0.100	 2	 4	 5	 5	 0	 1
94	 0.050	 2	 0	 5	 0	 0	 1
94	 0.150	 0	 4	 0	 5	 0	 1
94	 0.250	 7	 0	 5	 0	 1	 1
94	 0.450	 5	 1	 5	 5	 0	 1
94	 0.050	 5	 1	 5	 5	 0	 1
94	 0.050	 0	 1	 0	 5	 0	 1
94	 0.050	 0	 1	 0	 5	 0	 1
94	 0.050	 0	 1	 0	 5	 0	 1
94	 0.050	 5	 1	 5	 5	 1	 1
94	 0.050	 0	 1	 0	 5	 0	 1
94	 0.050	 0	 1	 0	 5	 0	 1
94	 0.100	 5	 0	 5	 0	 0	 1
95	 0.200	 5	 0	 5	 0	 0	 1
95	 0.200	 5	 1	 5	 5	 0	 1
95	 0.050	 0	 1	 0	 5	 0	 1
95	 0.050	 0	 1	 0	 5	 0	 1
95	 0.050	 0	 1	 0	 5	 0	 1
95	 0.050	 0	 1	 0	 5	 0	 1
95	 0.050	 5	 1	 5	 5	 0	 1
95	 0.050	 0	 1	 0	 5	 0	 1
95	 0.050	 0	 1	 0	 5	 0	 1
95	 0.100	 5	 0	 5	 0	 1	 1
95	 0.200	 5	 0	 5	 0	 0	 1
95	 0.200	 5	 1	 5	 5	 0	 1
95	 0.050	 0	 1	 0	 5	 0	 1
95	 0.050	 0	 1	 0	 5	 0	 1
95	 0.100	 0	 1	 0	 5	 0	 1
95	 0.050	 5	 1	 5	 5	 1	 1
95	 0.050	 0	 1	 0	 5	 0	 1
95	 0.050	 0	 1	 0	 5	 0	 1
95	 0.050	 0	 1	 0	 5	 0	 1
95	 0.050	 5	 0	 5	 0	 0	 1
95	 0.200	 5	 0	 5	 0	 0	 1
95	 0.200	 5	 1	 5	 5	 0	 1
95	 0.100	 0	 1	 0	 5	 0	 1
95	 0.050	 0	 1	 0	 5	 0	 1
95	 0.050	 0	 1	 0	 5	 0	 1
95	 0.050	 5	 1	 5	 5	 0	 1
96	 0.050	 1	 1	 5	 5	 0	 1
96	 0.050	 0	 5	 0	 5	 1	 1
96	 0.200	 5	 1	 5	 5	 0	 1
96	 0.200	 5	 1	 5	 5	 0	 1
96	 0.100	 0	 1	 0	 5	 0	 1
96	 0.050	 0	 1	 0	 5	 0	 1
96	 0.050	 0	 1	 0	 5	 0	 1
96	 0.050	 5	 1	 5	 5	 1	 1
96	 0.050	 1	 1	 5	 5	 0	 1
96	 0.050	 1	 0	 5	 0	 0	 1
96	 0.100	 0	 5	 0	 5	 1	 1
96	 0.100	 1	 0	 5	 0	 0	 1
96	 0.100	 0	 5	 0	 5	 0	 1
96	 0.200	 5	 1	 5	 5	 0	 1
96	 0.100	 0	 1	 0	 5	 0	 1
96	 0.050	 0	 1	 0	 5	 0	 1
96	 0.050	 0	 1	 0	 5	 0	 1
96	 0.050	 5	 1	 5	 5	 0	 1
96	 0.050	 1	 1	 5	 5	 0	 1
96	 0.100	 1	 0	 5	 0	 0	 1
96	 0.050	 0	 5	 0	 5	 1	 1
96	 0.100	 1	 0	 5	 0	 0	 1
96	 0.100	 5	 1	 5	 5	 0	 1
96	 0.200	 5	 1	 5	 5	 0	 1
96	 0.050	 0	 1	 0	 5	 0	 1
96	 0.050	 0	 1	 0	 5	 0	 1
96	 0.050	 0	 1	 0	 5	 0	 1
97	 0.050	 0	 1	 0	 5	 0	 1
97	 0.050	 5	 1	 5	 5	 1	 1
97	 0.050	 0	 1	 0	 5	 0	 1
97	 0.050	 0	 1	 0	 5	 0	 1
97	 0.050	 0	 1	 0	 5	 0	 1
97	 0.050	 0	 1	 0	 5	 0	 1
97	 0.050	 5	 0	 5	 0	 1	 1
97	 0.100	 0	 1	 0	 5	 0	 1
97	 0.100	 5	 0	 5	 0	 0	 1
97	 0.200	 0	 1	 0	 5	 0	 1
97	 0.050	 0	 1	 0	 5	 0	 1
97	 0.050	 0	 1	 0	 5	 0	 1
97	 0.100	 0	 1	 0	 5	 0	 1
97	 0.050	 5	 1	 5	 5	 1	 1
97	 0.050	 0	 1	 0	 5	 0	 1
97	 0.100	 1	 1	 5	 5	 0	 1
97	 0.050	 8	 1	 5	 5	 1	 1
97	 0.200	 5	 0	 5	 0	 0	 1
97	 0.200	 5	 1	 5	 5	 0	 1
97	 0.050	 0	 1	 0	 5	 0	 1
97	 0.050	 0	 1	 0	 5	 0	 1
97	 0.050	 0	 1	 0	 5	 0	 1
97	 0.050	 1	 1	 5	 5	 0	 1
97	 0.050	 0	 5	 0	 5	 1	 1
97	 0.150	 1	 1	 5	 5	 0	 1
97	 0.050	 0	 5	 0	 5	 0	 1
97	 0.150	 1	 0	 5	 0	 0	 1
97	 0.100	 0	 5	 0	 5	 0	 1
98	 0.200	 5	 1	 5	 5	 0	 1
98	 0.050	 0	 1	 0	 5	 0	 1
98	 0.050	 0	 1	 0	 5	 0	 1
98	 0.050	 0	 1	 0	 5	 0	 1
98	 0.050	 0	 1	 0	 5	 0	 1
98	 0.050	 5	 1	 5	 5	 1	 1
98	 0.050	 1	 1	 5	 5	 0	 1
98	 0.150	 0	 5	 0	 5	 1	 1
98	 0.200	 5	 1	 5	 5	 0	 1
98	 0.200	 5	 1	 5	 5	 0	 1
98	 0.050	 0	 1	 0	 5	 0	 1
98	 0.050	 0	 1	 0	 5	 0	 1
98	 0.050	 0	 1	 0	 5	 0	 1
98	 0.050	 0	 1	 0	 5	 0	 1
98	 0.050	 5	 1	 5	 5	 1	 1
98	 0.050	 0	 1	 0	 5	 0	 1
98	 0.100	 0	 1	 0	 5	 0	 1
98	 0.050	 5	 1	 5	 5	 0	 1
98	 0.050	 0	 1	 0	 5	 0	 1
98	 0.350	 0	 1	 0	 5	 0	 1
98	 0.050	 0	 1	 0	 5	 0	 1
98	 0.200	 1	 0	 5	 0	 0	 1
98	 0.100	 1	 0	 5	 0	 0	 1
98	 0.100	 8	 0	 5	 0	 1	 1
99	 0.200	 5	 1	 5	 5	 0	 1
99	 0.200	 8	 1	 5	 5	 0	 1
99	 0.050	 0	 1	 0	 5	 0	 1
99	 0.300	 0	 1	 0	 5	 0	 1
99	 0.100	 0	 1	 0	 5	 0	 1
99	 0.050	 0	 1	 0	 5	 0	 1
99	 0.100	 7	 2	 5	 5	 0	 1
99	 0.400	 7	 0	 5	 0	 1	 1
99	 0.450	 0	 5	 0	 5	 0	 1
99	 0.050	 0	 5	 0	 5	 0	 1
99	 0.200	 5	 1	 5	 5	 0	 1
99	 0.100	 0	 1	 0	 5	 0	 1
99	 0.050	 0	 1	 0	 5	 0	 1
99	 0.050	 0	 1	 0	 5	 0	 1
99	 0.050	 5	 1	 5	 5	 0	 1
99	 0.050	 5	 0	 5	 0	 0	 1
100	 0.100	 0	 1	 0	 5	 0	 1
100	 0.100	 4	 0	 5	 0	 0	 1
100	 0.050	 4	 0	 5	 0	 0	 1
100	 0.350	 3	 0	 5	 0	 0	 1
100	 0.050	 0	 2	 0	 5	 0	 1
100	 0.600	 0	 0	 0	 0	 0	 0
100	 0.600	 0	 0	 0	 0	 0	 0
101	 0.600	 0	 0	 0	 0	 0	 0
101	 0.350	 4	 4	 5	 5	 0	 1
101	 0.150	 3	 3	 5	 5	 0	 1
101	 0.300	 7	 7	 5	 5	 1	 1
101	 0.350	 0	 6	 0	 5	 0	 1
101	 0.300	 6	 0	 5	 0	 0	 1
102	 0.350	 6	 1	 5	 5	 0	 1
102	 0.050	 0	 1	 0	 5	 0	 1
102	 0.050	 0	 1	 0	 5	 0	 1
102	 0.200	 6	 0	 5	 0	 0	 1
102	 0.250	 6	 0	 5	 0	 0	 1
102	 0.100	 0	 0	 0	 0	 1	 1
102	 0.050	 6	 0	 5	 0	 0	 1
102	 0.300	 0	 0	 0	 0	 1	 1
102	 0.050	 6	 0	 5	 0	 0	 1
102	 0.350	 6	 0	 5	 0	 0	 1
102	 0.300	 6	 6	 5	 5	 0	 1
102	 0.200	 6	 0	 5	 0	 0	 1
102	 0.100	 6	 1	 5	 5	 0	 1
103	 0.050	 0	 1	 0	 5	 0	 1
103	 0.050	 0	 1	 0	 5	 0	 1
103	 0.200	 6	 0	 5	 0	 0	 1
103	 0.250	 6	 0	 5	 0	 0	 1
103	 0.100	 6	 0	 5	 0	 0	 1
103	 0.300	 7	 0	 5	 0	 1	 1
103	 0.350	 6	 0	 5	 0	 0	 1
103	 0.300	 6	 0	 5	 0	 0	 1
103	 0.250	 6	 0	 5	 0	 0	 1
103	 0.100	 6	 1	 5	 5	 0	 1
103	 0.100	 0	 1	 0	 5	 0	 1
103	 0.200	 6	 0	 5	 0	 0	 1
104	 0.250	 6	 0	 5	 0	 0	 1
104	 0.100	 6	 0	 5	 0	 1	 1
104	 0.300	 7	 0	 5	 0	 1	 1
104	 0.350	 0	 4	 0	 5	 0	 1
104	 0.050	 0	 4	 0	 5	 0	 1
104	 0.100	 0	 4	 0	 5	 0	 1
104	 0.050	 0	 4	 0	 5	 0	 1
104	 0.150	 4	 0	 5	 0	 0	 1
104	 0.050	 4	 0	 5	 0	 0	 1
104	 0.250	 4	 4	 5	 5	 0	 1
104	 0.300	 3	 3	 5	 5	 0	 1
104	 0.300	 2	 0	 5	 0	 0	 1
105	 0.300	 8	 7	 5	 5	 1	 1
105	 0.350	 0	 6	 0	 5	 0	 1
105	 0.300	 0	 6	 0	 5	 0	 1
105	 0.250	 6	 0	 5	 0	 0	 1
105	 0.050	 7	 1	 5	 5	 0	 1
105	 0.050	 0	 1	 0	 5	 0	 1
105	 0.050	 0	 1	 0	 5	 0	 1
105	 0.250	 6	 0	 5	 0	 0	 1
105	 0.300	 6	 0	 5	 0	 1	 1
105	 0.150	 6	 0	 5	 0	 0	 1
105	 0.100	 6	 0	 5	 0	 0	 1
105	 0.100	 0	 0	 0	 0	 1	 1
105	 0.050	 6	 0	 5	 0	 0	 1
106	 0.350	 6	 0	 5	 0	 0	 1
106	 0.250	 6	 0	 5	 0	 0	 1
106	 0.100	 6	 0	 5	 0	 0	 1
106	 0.350	 7	 1	 5	 5	 0	 1
106	 0.050	 0	 1	 0	 5	 0	 1
106	 0.050	 0	 1	 0	 5	 0	 1
106	 0.050	 0	 1	 0	 5	 0	 1
106	 0.200	 6	 0	 5	 0	 0	 1
106	 0.300	 6	 0	 5	 0	 0	 1
106	 0.250	 6	 0	 5	 0	 0	 1
106	 0.050	 0	 7	 0	 5	 1	 1
106	 0.350	 6	 0	 5	 0	 0	 1
107	 0.250	 0	 6	 0	 5	 0	 1
107	 0.050	 0	 6	 0	 5	 0	 1
107	 0.250	 6	 0	 5	 0	 0	 1
107	 0.100	 6	 1	 5	 5	 0	 1
107	 0.050	 0	 1	 0	 5	 0	 1
107	 0.100	 0	 1	 0	 5	 0	 1
107	 0.200	 6	 0	 5	 0	 0	 1
107	 0.250	 6	 0	 5	 0	 0	 1
107	 0.100	 0	 0	 0	 0	 1	 1
107	 0.050	 6	 0	 5	 0	 0	 1
107	 0.300	 0	 0	 0	 0	 1	 1
107	 0.050	 6	 0	 5	 0	 0	 1
107	 0.350	 6	 0	 5	 0	 0	 1
108	 0.350	 6	 0	 5	 0	 0	 1
108	 0.350	 0	 1	 0	 5	 0	 1
108	 0.050	 0	 1	 0	 5	 0	 1
108	 0.300	 4	 4	 5	 5	 0	 1
108	 0.150	 4	 4	 5	 5	 0	 1
108	 0.150	 3	 3	 5	 5	 0	 1
108	 0.300	 7	 7	 5	 5	 1	 1
108	 0.350	 0	 6	 0	 5	 0	 1
108	 0.300	 6	 0	 5	 0	 0	 1
109	 0.250	 0	 6	 0	 5	 0	 1
109	 0.050	 7	 1	 5	 5	 0	 1
109	 0.050	 0	 1	 0	 5	 0	 1
109	 0.300	 6	 0	 5	 0	 0	 1
109	 0.300	 6	 0	 5	 0	 1	 1
109	 0.300	 0	 0	 0	 0	 1	 1
109	 0.050	 8	 0	 5	 0	 0	 1
109	 0.300	 6	 0	 5	 0	 0	 1
109	 0.350	 6	 0	 5	 0	 0	 1
109	 0.250	 6	 0	 5	 0	 0	 1
109	 0.100	 7	 1	 5	 5	 0	 1
109	 0.050	 0	 1	 0	 5	 0	 1
110	 0.300	 6	 0	 5	 0	 0	 1
110	 0.250	 6	 0	 5	 0	 0	 1
110	 0.050	 6	 0	 5	 0	 0	 1
110	 0.200	 6	 0	 5	 0	 0	 1
110	 0.050	 6	 0	 5	 0	 0	 1
110	 0.100	 8	 0	 5	 0	 1	 1
110	 0.300	 0	 7	 0	 5	 1	 1
110	 0.300	 8	 0	 5	 0	 1	 1
110	 0.150	 8	 0	 5	 0	 0	 1
110	 0.150	 0	 7	 0	 5	 1	 1
111	 0.600	 0	 0	 0	 0	 0	 0
111	 0.350	 8	 7	 5	 5	 1	 1
111	 0.350	 0	 6	 0	 5	 0	 1
111	 0.300	 0	 6	 0	 5	 0	 1
111	 0.350	 5	 1	 5	 5	 0	 1
111	 0.050	 0	 1	 0	 5	 0	 1
111	 0.300	 4	 0	 5	 0	 0	 1
111	 0.050	 4	 0	 5	 0	 0	 1
112	 0.300	 3	 3	 5	 5	 0	 1
112	 0.300	 0	 0	 0	 0	 1	 1
112	 0.050	 8	 7	 5	 5	 0	 1
112	 0.300	 0	 0	 0	 0	 1	 1
112	 0.050	 8	 7	 5	 5	 0	 1
112	 0.300	 0	 0	 0	 0	 1	 1
112	 0.050	 8	 7	 5	 5	 0	 1
112	 0.300	 0	 0	 0	 0	 1	 1
112	 0.050	 8	 7	 5	 5	 0	 1
112	 0.050	 0	 0	 0	 0	 1	 1
112	 0.600	 0	 0	 0	 0	 0	 0
113	 0.300	 1	 0	 5	 0	 0	 1
113	 0.600	 0	 0	 0	 0	 0	 0
113	 0.400	 1	 1	 5	 5	 0	 1
113	 0.300	 4	 0	 5	 0	 0	 1
113	 0.050	 4	 0	 5	 0	 0	 1
113	 0.150	 4	 4	 5	 5	 0	 1
113	 0.150	 3	 3	 5	 5	 0	 1
113	 0.300	 0	 0	 0	 0	 1	 1
113	 0.050	 4	 4	 5	 5	 0	 1
114	 0.300	 4	 4	 5	 5	 0	 1
114	 0.150	 4	 4	 5	 5	 0	 1
114	 0.150	 3	 3	 5	 5	 0	 1
114	 0.300	 4	 4	 5	 5	 0	 1
114	 0.300	 3	 3	 5	 5	 0	 1
114	 0.300	 2	 0	 5	 0	 0	 1
114	 0.350	 5	 1	 5	 5	 0	 1
115	 0.600	 0	 0	 0	 0	 0	 0
115	 0.300	 0	 0	 0	 0	 1	 1
115	 0.050	 8	 0	 5	 0	 0	 1
115	 0.050	 0	 0	 0	 0	 1	 1
115	 0.600	 0	 0	 0	 0	 0	 0
115	 0.300	 2	 2	 5	 5	 0	 1
115	 0.300	 0	 3	 0	 5	 0	 1
115	 0.050	 0	 3	 0	 5	 0	 1
116	 0.600	 0	 0	 0	 0	 0	 0
116	 0.600	 0	 0	 0	 0	 0	 0
116	 0.600	 0	 0	 0	 0	 0	 0
117	 0.600	 0	 0	 0	 0	 0	 0
117	 0.600	 0	 0	 0	 0	 0	 0
117	 0.600	 0	 0	 0	 0	 0	 0
118	 0.600	 0	 0	 0	 0	 0	 0
118	 0.600	 0	 0	 0	 0	 0	 0
118	 0.600	 0	 0	 0	 0	 0	 0
119	 0.600	 0	 0	 0	 0	 0	 0
119	 0.600	 0	 0	 0	 0	 0	 0
119	 0.600	 0	 0	 0	 0	 0	 0
120	 0.600	 0	 0	 0	 0	 0	 0
120	 0.550	 2	 2	 5	 5	 0	 1
120	 0.050	 0	 3	 0	 5	 0	 1
120	 0.050	 0	 3	 0	 5	 0	 1
120	 0.600	 0	 0	 0	 0	 0	 0
121	 0.600	 0	 0	 0	 0	 0	 0
121	 0.600	 0	 0	 0	 0	 0	 0
121	 0.150	 2	 0	 5	 0	 0	 1
121	 0.050	 2	 0	 5	 0	 0	 1
121	 0.050	 0	 3	 0	 5	 0	 1
121	 0.600	 0	 0	 0	 0	 0	 0
122	 0.400	 0	 3	 0	 5	 0	 1
122	 0.600	 0	 0	 0	 0	 0	 0
122	 0.400	 2	 0	 5	 0	 0	 1
122	 0.100	 0	 3	 0	 5	 0	 1
122	 0.050	 0	 3	 0	 5	 0	 1
122	 0.600	 0	 0	 0	 0	 0	 0
123	 0.350	 0	 3	 0	 5	 0	 1
123	 0.050	 0	 3	 0	 5	 0	 1
123	 0.600	 0	 0	 0	 0	 0	 0
123	 0.400	 2	 0	 5	 0	 0	 1
123	 0.050	 2	 0	 5	 0	 0	 1
123	 0.050	 0	 3	 0	 5	 0	 1
123	 0.050	 0	 3	 0	 5	 0	 1
123	 0.600	 0	 0	 0	 0	 0	 0
124	 0.600	 0	 0	 0	 0	 0	 0
124	 0.600	 0	 0	 0	 0	 0	 0
124	 0.150	 2	 0	 5	 0	 0	 1
124	 0.100	 0	 3	 0	 5	 0	 1
124	 0.050	 0	 3	 0	 5	 0	 1
124	 0.600	 0	 0	 0	 0	 0	 0
125	 0.350	 0	 3	 0	 5	 0	 1
125	 0.600	 0	 0	 0	 0	 0	 0
125	 0.400	 2	 0	 5	 0	 0	 1
125	 0.050	 2	 0	 5	 0	 0	 1
125	 0.050	 0	 3	 0	 5	 0	 1
125	 0.600	 0	 0	 0	 0	 0	 0
126	 0.400	 0	 3	 0	 5	 0	 1
126	 0.600	 0	 0	 0	 0	 0	 0
126	 0.400	 2	 0	 5	 0	 0	 1
126	 0.100	 0	 3	 0	 5	 0	 1
126	 0.050	 0	 3	 0	 5	 0	 1
126	 0.600	 0	 0	 0	 0	 0	 0
127	 0.600	 0	 0	 0	 0	 0	 0
127	 0.600	 0	 0	 0	 0	 0	 0
127	 0.150	 2	 0	 5	 0	 0	 1
127	 0.050	 2	 0	 5	 0	 0	 1
127	 0.050	 0	 3	 0	 5	 0	 1
127	 0.050	 0	 3	 0	 5	 0	 1
127	 0.600	 0	 0	 0	 0	 0	 0
128	 0.350	 0	 3	 0	 5	 0	 1
128	 0.600	 0	 0	 0	 0	 0	 0
128	 0.400	 2	 2	 5	 5	 0	 1
128	 0.050	 0	 3	 0	 5	 0	 1
128	 0.050	 0	 3	 0	 5	 0	 1
128	 0.600	 0	 0	 0	 0	 0	 0
129	 0.350	 0	 3	 0	 5	 0	 1
129	 0.600	 0	 0	 0	 0	 0	 0
129	 0.400	 2	 2	 5	 5	 0	 1
129	 0.050	 0	 3	 0	 5	 0	 1
129	 0.050	 0	 3	 0	 5	 0	 1
129	 0.600	 0	 0	 0	 0	 0	 0
130	 0.400	 0	 3	 0	 5	 0	 1
130	 0.600	 0	 0	 0	 0	 0	 0
130	 0.400	 2	 2	 5	 5	 0	 1
130	 0.050	 0	 3	 0	 5	 0	 1
130	 0.050	 0	 3	 0	 5	 0	 1
130	 0.600	 0	 0	 0	 0	 0	 0
131	 0.400	 0	 3	 0	 5	 0	 1
131	 0.600	 0	 0	 0	 0	 0	 0
131	 0.400	 2	 2	 5	 5	 0	 1
131	 0.050	 0	 3	 0	 5	 0	 1
131	 0.600	 0	 0	 0	 0	 0	 0
132	 0.600	 0	 0	 0	 0	 0	 0
132	 0.600	 0	 0	 0	 0	 0	 0
132	 0.200	 2	 0	 5	 0	 0	 1
132	 0.050	 2	 0	 5	 0	 0	 1
132	 0.050	 0	 3	 0	 5	 0	 1
132	 0.050	 3	 3	 5	 5	 0	 1
132	 0.600	 0	 0	 0	 0	 0	 0
133	 0.350	 3	 0	 5	 0	 0	 1
133	 0.600	 0	 0	 0	 0	 0	 0
133	 0.400	 2	 2	 5	 5	 0	 1
133	 0.050	 0	 3	 0	 5	 0	 1
133	 0.050	 0	 3	 0	 5	 0	 1
133	 0.600	 0	 0	 0	 0	 0	 0
134	 0.600	 0	 0	 0	 0	 0	 0
134	 0.600	 0	 0	 0	 0	 0	 0
134	 0.150	 2	 0	 5	 0	 0	 1
134	 0.050	 2	 0	 5	 0	 0	 1
134	 0.050	 0	 3	 0	 5	 0	 1
134	 0.050	 0	 3	 0	 5	 0	 1
134	 0.600	 0	 0	 0	 0	 0	 0
135	 0.400	 0	 3	 0	 5	 0	 1
135	 0.600	 0	 0	 0	 0	 0	 0
135	 0.400	 2	 2	 5	 5	 0	 1
135	 0.050	 0	 3	 0	 5	 0	 1
135	 0.050	 0	 3	 0	 5	 0	 1
135	 0.200	 2	 0	 5	 0	 0	 1
135	 0.250	 0	 2	 0	 5	 0	 1
135	 0.050	 0	 2	 0	 5	 0	 1
135	 0.250	 3	 0	 5	 0	 0	 1
135	 0.050	 3	 0	 5	 0	 0	 1
135	 0.050	 3	 0	 5	 0	 0	 1
135	 0.050	 3	 0	 5	 0	 0	 1
136	 0.400	 0	 7	 0	 5	 1	 1
136	 0.550	 5	 5	 5	 5	 0	 1
136	 0.500	 5	 1	 5	 5	 0	 1
136	 0.450	 5	 5	 5	 5	 1	 1
137	 0.500	 5	 5	 5	 5	 1	 1
137	 0.050	 0	 0	 0	 0	 1	 1
137	 0.500	 5	 5	 5	 5	 0	 1
137	 0.500	 5	 1	 5	 5	 0	 1
137	 0.500	 5	 5	 5	 5	 0	 1
138	 0.500	 0	 0	 0	 0	 1	 1
138	 0.050	 5	 5	 5	 5	 0	 1
138	 0.500	 5	 5	 5	 5	 0	 1
138	 0.500	 5	 1	 5	 5	 0	 1
138	 0.500	 5	 5	 5	 5	 0	 1
139	 0.500	 0	 0	 0	 0	 1	 1
139	 0.050	 5	 5	 5	 5	 0	 1
139	 0.500	 5	 5	 5	 5	 0	 1
139	 0.500	 5	 1	 5	 5	 0	 1
139	 0.500	 5	 5	 5	 5	 0	 1
140	 0.500	 8	 0	 5	 0	 1	 1
140	 0.550	 5	 5	 5	 5	 0	 1
140	 0.500	 5	 1	 5	 5	 0	 1
140	 0.450	 0	 0	 0	 0	 1	 1
140	 0.050	 5	 5	 5	 5	 0	 1
141	 0.500	 0	 0	 0	 0	 1	 1
141	 0.050	 5	 5	 5	 5	 0	 1
141	 0.050	 0	 0	 0	 0	 1	 1
141	 0.500	 5	 5	 5	 5	 0	 1
141	 0.500	 5	 1	 5	 5	 0	 1
141	 0.500	 5	 5	 5	 5	 0	 1
142	 0.500	 8	 0	 5	 0	 1	 1
142	 0.450	 0	 5	 0	 5	 0	 1
142	 0.450	 5	 1	 5	 5	 0	 1
142	 0.450	 5	 5	 5	 5	 0	 1
142	 0.450	 5	 1	 5	 5	 0	 1
143	 0.450	 5	 5	 5	 5	 0	 1
143	 0.450	 5	 1	 5	 5	 0	 1
143	 0.100	 0	 1	 0	 5	 0	 1
143	 0.350	 5	 5	 5	 5	 0	 1
143	 0.450	 4	 4	 5	 5	 0	 1
143	 0.100	 4	 0	 5	 0	 0	 1
143	 0.050	 4	 0	 5	 0	 0	 1
143	 0.050	 4	 1	 5	 5	 0	 1
143	 0.050	 0	 1	 0	 5	 0	 1
143	 0.100	 0	 1	 0	 5	 0	 1
143	 0.100	 0	 1	 0	 5	 0	 1
143	 0.100	 0	 1	 0	 5	 0	 1
144	 0.050	 0	 1	 0	 5	 0	 1
144	 0.100	 0	 1	 0	 5	 0	 1
144	 0.050	 0	 1	 0	 5	 0	 1
144	 0.050	 4	 0	 5	 0	 0	 1
144	 0.050	 4	 0	 5	 0	 0	 1
144	 0.050	 4	 4	 5	 5	 0	 1
144	 0.100	 4	 0	 5	 0	 0	 1
144	 0.250	 0	 4	 0	 5	 0	 1
144	 0.050	 0	 4	 0	 5	 0	 1
144	 0.100	 0	 4	 0	 5	 0	 1
144	 0.100	 2	 4	 5	 5	 0	 1
144	 0.050	 2	 0	 5	 0	 0	 1
144	 0.150	 0	 4	 0	 5	 0	 1
144	 0.250	 7	 0	 5	 0	 1	 1
144	 0.450	 5	 1	 5	 5	 0	 1
144	 0.050	 5	 1	 5	 5	 0	 1
144	 0.050	 0	 1	 0	 5	 0	 1
144	 0.050	 0	 1	 0	 5	 0	 1
144	 0.050	 0	 1	 0	 5	 0	 1
144	 0.050	 5	 1	 5	 5	 1	 1
144	 0.050	 0	 1	 0	 5	 0	 1
144	 0.050	 0	 1	 0	 5	 0	 1
144	 0.100	 5	 0	 5	 0	 0	 1
145	 0.200	 5	 0	 5	 0	 0	 1
145	 0.200	 5	 1	 5	 5	 0	 1
145	 0.050	 0	 1	 0	 5	 0	 1
145	 0.050	 0	 1	 0	 5	 0	 1
145	 0.050	 0	 1	 0	 5	 0	 1
145	 0.050	 0	 1	 0	 5	 0	 1
145	 0.050	 5	 1	 5	 5	 0	 1
145	 0.050	 0	 1	 0	 5	 0	 1
145	 0.050	 0	 1	 0	 5	 0	 1
145	 0.100	 5	 0	 5	 0	 1	 1
145	 0.200	 5	 0	 5	 0	 0	 1
145	 0.200	 5	 1	 5	 5	 0	 1
145	 0.050	 0	 1	 0	 5	 0	 1
145	 0.050	 0	 1	 0	 5	 0	 1
145	 0.100	 0	 1	 0	 5	 0	 1
145	 0.050	 5	 1	 5	 5	 1	 1
145	 0.050	 0	 1	 0	 5	 0	 1
145	 0.050	 0	 1	 0	 5	 0	 1
145	 0.050	 0	 1	 0	 5	 0	 1
145	 0.050	 5	 0	 5	 0	 0	 1
145	 0.200	 5	 0	 5	 0	 0	 1
145	 0.200	 5	 1	 5	 5	 0	 1
145	 0.100	 0	 1	 0	 5	 0	 1
145	 0.050	 0	 1	 0	 5	 0	 1
145	 0.050	 0	 1	 0	 5	 0	 1
145	 0.050	 5	 1	 5	 5	 0	 1
146	 0.050	 1	 1	 5	 5	 0	 1
146	 0.050	 0	 5	 0	 5	 1	 1
146	 0.200	 5	 1	 5	 5	 0	 1
146	 0.200	 5	 1	 5	 5	 0	 1
146	 0.100	 0	 1	 0	 5	 0	 1
146	 0.050	 0	 1	 0	 5	 0	 1
146	 0.050	 0	 1	 0	 5	 0	 1
146	 0.050	 5	 1	 5	 5	 1	 1
146	 0.050	 1	 1	 5	 5	 0	 1
146	 0.050	 1	 0	 5	 0	 0	 1
146	 0.100	 0	 5	 0	 5	 1	 1
146	 0.100	 1	 0	 5	 0	 0	 1
146	 0.100	 0	 5	 0	 5	 0	 1
146	 0.200	 5	 1	 5	 5	 0	 1
146	 0.100	 0	 1	 0	 5	 0	 1
146	 0.050	 0	 1	 0	 5	 0	 1
146	 0.050	 0	 1	 0	 5	 0	 1
146	 0.050	 5	 1	 5	 5	 0	 1
146	 0.050	 1	 1	 5	 5	 0	 1
146	 0.100	 1	 0	 5	 0	 0	 1
146	 0.050	 0	 5	 0	 5	 1	 1
146	 0.100	 1	 0	 5	 0	 0	 1
146	 0.100	 5	 1	 5	 5	 0	 1
146	 0.200	 5	 1	 5	 5	 0	 1
146	 0.050	 0	 1	 0	 5	 0	 1
146	 0.050	 0	 1	 0	 5	 0	 1
146	 0.050	 0	 1	 0	 5	 0	 1
147	 0.050	 0	 1	 0	 5	 0	 1
147	 0.050	 5	 1	 5	 5	 1	 1
147	 0.050	 0	 1	 0	 5	 0	 1
147	 0.050	 0	 1	 0	 5	 0	 1
147	 0.050	 0	 1	 0	 5	 0	 1
147	 0.050	 0	 1	 0	 5	 0	 1
147	 0.050	 5	 0	 5	 0	 1	 1
147	 0.100	 0	 1	 0	 5	 0	 1
147	 0.100	 5	 0	 5	 0	 0	 1
147	 0.200	 0	 1	 0	 5	 0	 1
147	 0.050	 0	 1	 0	 5	 0	 1
147	 0.050	 0	 1	 0	 5	 0	 1
147	 0.100	 0	 1	 0	 5	 0	 1
147	 0.050	 5	 1	 5	 5	 1	 1
147	 0.050	 0	 1	 0	 5	 0	 1
147	 0.100	 1	 1	 5	 5	 0	 1
147	 0.050	 8	 1	 5	 5	 1	 1
147	 0.200	 5	 0	 5	 0	 0	 1
147	 0.200	 5	 1	 5	 5	 0	 1
147	 0.050	 0	 1	 0	 5	 0	 1
147	 0.050	 0	 1	 0	 5	 0	 1
147	 0.050	 0	 1	 0	 5	 0	 1
147	 0.050	 1	 1	 5	 5	 0	 1
147	 0.050	 0	 5	 0	 5	 1	 1
147	 0.150	 1	 1	 5	 5	 0	 1
147	 0.050	 0	 5	 0	 5	 0	 1
147	 0.150	 1	 0	 5	 0	 0	 1
147	 0.100	 0	 5	 0	 5	 0	 1
148	 0.200	 5	 1	 5	 5	 0	 1
148	 0.050	 0	 1	 0	 5	 0	 1
148	 0.050	 0	 1	 0	 5	 0	 1
148	 0.050	 0	 1	 0	 5	 0	 1
148	 0.050	 0	 1	 0	 5	 0	 1
148	 0.050	 5	 1	 5	 5	 1	 1
148	 0.050	 1	 1	 5	 5	 0	 1
148	 0.150	 0	 5	 0	 5	 1	 1
148	 0.200	 5	 1	 5	 5	 0	 1
148	 0.200	 5	 1	 5	 5	 0	 1
148	 0.050	 0	 1	 0	 5	 0	 1
148	 0.050	 0	 1	 0	 5	 0	 1
148	 0.050	 0	 1	 0	 5	 0	 1
148	 0.050	 0	 1	 0	 5	 0	 1
148	 0.050	 5	 1	 5	 5	 1	 1
148	 0.050	 0	 1	 0	 5	 0	 1
148	 0.100	 0	 1	 0	 5	 0	 1
148	 0.050	 5	 1	 5	 5	 0	 1
148	 0.050	 0	 1	 0	 5	 0	 1
148	 0.350	 0	 1	 0	 5	 0	 1
148	 0.050	 0	 1	 0	 5	 0	 1
148	 0.200	 1	 0	 5	 0	 0	 1
148	 0.100	 1	 0	 5	 0	 0	 1
148	 0.100	 8	 0	 5	 0	 1	 1
149	 0.200	 5	 1	 5	 5	 0	 1
149	 0.200	 8	 1	 5	 5	 0	 1
149	 0.050	 0	 1	 0	 5	 0	 1
149	 0.300	 0	 1	 0	 5	 0	 1
149	 0.100	 0	 1	 0	 5	 0	 1
149	 0.050	 0	 1	 0	 5	 0	 1
149	 0.100	 7	 2	 5	 5	 0	 1
149	 0.400	 7	 0	 5	 0	 1	 1
149	 0.450	 0	 5	 0	 5	 0	 1
149	 0.050	 0	 5	 0	 5	 0	 1
149	 0.200	 5	 1	 5	 5	 0	 1
149	 0.100	 0	 1	 0	 5	 0	 1
149	 0.050	 0	 1	 0	 5	 0	 1
149	 0.050	 0	 1	 0	 5	 0	 1
149	 0.050	 5	 1	 5	 5	 0	 1
149	 0.050	 5	 0	 5	 0	 0	 1
150	 0.100	 0	 1	 0	 5	 0	 1
150	 0.100	 4	 0	 5	 0	 0	 1
150	 0.050	 4	 0	 5	 0	 0	 1
150	 0.350	 3	 0	 5	 0	 0	 1
150	 0.050	 0	 2	 0	 5	 0	 1
150	 0.600	 0	 0	 0	 0	 0	 0
150	 0.600	 0	 0	 0	 0	 0	 0
151	 0.600	 0	 0	 0	 0	 0	 0
151	 0.350	 4	 4	 5	 5	 0	 1
151	 0.150	 3	 3	 5	 5	 0	 1
151	 0.300	 7	 7	 5	 5	 1	 1
151	 0.350	 0	 6	 0	 5	 0	 1
151	 0.300	 6	 0	 5	 0	 0	 1
152	 0.350	 6	 1	 5	 5	 0	 1
152	 0.050	 0	 1	 0	 5	 0	 1
152	 0.050	 0	 1	 0	 5	 0	 1
152	 0.200	 6	 0	 5	 0	 0	 1
152	 0.250	 6	 0	 5	 0	 0	 1
152	 0.100	 0	 0	 0	 0	 1	 1
152	 0.050	 6	 0	 5	 0	 0	 1
152	 0.300	 0	 0	 0	 0	 1	 1
152	 0.050	 6	 0	 5	 0	 0	 1
152	 0.350	 6	 0	 5	 0	 0	 1
152	 0.300	 6	 6	 5	 5	 0	 1
152	 0.200	 6	 0	 5	 0	 0	 1
152	 0.100	 6	 1	 5	 5	 0	 1
153	 0.050	 0	 1	 0	 5	 0	 1
153	 0.050	 0	 1	 0	 5	 0	 1
153	 0.200	 6	 0	 5	 0	 0	 1
153	 0.250	 6	 0	 5	 0	 0	 1
153	 0.100	 6	 0	 5	 0	 0	 1
153	 0.300	 7	 0	 5	 0	 1	 1
153	 0.350	 6	 0	 5	 0	 0	 1
153	 0.300	 6	 0	 5	 0	 0	 1
153	 0.250	 6	 0	 5	 0	 0	 1
153	 0.100	 6	 1	 5	 5	 0	 1
153	 0.100	 0	 1	 0	 5	 0	 1
153	 0.200	 6	 0	 5	 0	 0	 1
154	 0.250	 6	 0	 5	 0	 0	 1
154	 0.100	 6	 0	 5	 0	 1	 1
154	 0.300	 7	 0	 5	 0	 1	 1
154	 0.350	 0	 4	 0	 5	 0	 1
154	 0.050	 0	 4	 0	 5	 0	 1
154	 0.100	 0	 4	 0	 5	 0	 1
154	 0.050	 0	 4	 0	 5	 0	 1
154	 0.150	 4	 0	 5	 0	 0	 1
154	 0.050	 4	 0	 5	 0	 0	 1
154	 0.250	 4	 4	 5	 5	 0	 1
154	 0.300	 3	 3	 5	 5	 0	 1
154	 0.300	 2	 0	 5	 0	 0	 1
155	 0.300	 8	 7	 5	 5	 1	 1
155	 0.350	 0	 6	 0	 5	 0	 1
155	 0.300	 0	 6	 0	 5	 0	 1
155	 0.250	 6	 0	 5	 0	 0	 1
155	 0.050	 7	 1	 5	 5	 0	 1
155	 0.050	 0	 1	 0	 5	 0	 1
155	 0.050	 0	 1	 0	 5	 0	 1
155	 0.250	 6	 0	 5	 0	 0	 1
155	 0.300	 6	 0	 5	 0	 1	 1
155	 0.150	 6	 0	 5	 0	 0	 1
155	 0.100	 6	 0	 5	 0	 0	 1
155	 0.100	 0	 0	 0	 0	 1	 1
155	 0.050	 6	 0	 5	 0	 0	 1
156	 0.350	 6	 0	 5	 0	 0	 1
156	 0.250	 6	 0	 5	 0	 0	 1
156	 0.100	 6	 0	 5	 0	 0	 1
156	 0.350	 7	 1	 5	 5	 0	 1
156	 0.050	 0	 1	 0	 5	 0	 1
156	 0.050	 0	 1	 0	 5	 0	 1
156	 0.050	 0	 1	 0	 5	 0	 1
156	 0.200	 6	 0	 5	 0	 0	 1
156	 0.300	 6	 0	 5	 0	 0	 1
156	 0.250	 6	 0	 5	 0	 0	 1
156	 0.050	 0	 7	 0	 5	 1	 1
156	 0.350	 6	 0	 5	 0	 0	 1
157	 0.250	 0	 6	 0	 5	 0	 1
157	 0.050	 0	 6	 0	 5	 0	 1
157	 0.250	 6	 0	 5	 0	 0	 1
157	 0.100	 6	 1	 5	 5	 0	 1
157	 0.050	 0	 1	 0	 5	 0	 1
157	 0.100	 0	 1	 0	 5	 0	 1
157	 0.200	 6	 0	 5	 0	 0	 1
157	 0.250	 6	 0	 5	 0	 0	 1
157	 0.100	 0	 0	 0	 0	 1	 1
157	 0.050	 6	 0	 5	 0	 0	 1
157	 0.300	 0	 0	 0	 0	 1	 1
157	 0.050	 6	 0	 5	 0	 0	 1
157	 0.350	 6	 0	 5	 0	 0	 1
158	 0.350	 6	 0	 5	 0	 0	 1
158	 0.350	 0	 1	 0	 5	 0	 1
158	 0.050	 0	 1	 0	 5	 0	 1
158	 0.300	 4	 4	 5	 5	 0	 1
158	 0.150	 4	 4	 5	 5	 0	 1
158	 0.150	 3	 3	 5	 5	 0	 1
158	 0.300	 7	 7	 5	 5	 1	 1
158	 0.350	 0	 6	 0	 5	 0	 1
158	 0.300	 6	 0	 5	 0	 0	 1
159	 0.250	 0	 6	 0	 5	 0	 1
159	 0.050	 7	 1	 5	 5	 0	 1
159	 0.050	 0	 1	 0	 5	 0	 1
159	 0.300	 6	 0	 5	 0	 0	 1
159	 0.300	 6	 0	 5	 0	 1	 1
159	 0.300	 0	 0	 0	 0	 1	 1
159	 0.050	 8	 0	 5	 0	 0	 1
159	 0.300	 6	 0	 5	 0	 0	 1
159	 0.350	 6	 0	 5	 0	 0	 1
159	 0.250	 6	 0	 5	 0	 0	 1
159	 0.100	 7	 1	 5	 5	 0	 1
159	 0.050	 0	 1	 0	 5	 0	 1
160	 0.300	 6	 0	 5	 0	 0	 1
160	 0.250	 6	 0	 5	 0	 0	 1
160	 0.050	 6	 0	 5	 0	 0	 1
160	 0.200	 6	 0	 5	 0	 0	 1
160	 0.050	 6	 0	 5	 0	 0	 1
160	 0.100	 8	 0	 5	 0	 1	 1
160	 0.300	 0	 7	 0	 5	 1	 1
160	 0.300	 8	 0	 5	 0	 1	 1
160	 0.150	 8	 0	 5	 0	 0	 1
160	 0.150	 0	 7	 0	 5	 1	 1
161	 0.600	 0	 0	 0	 0	 0	 0
161	 0.350	 8	 7	 5	 5	 1	 1
161	 0.350	 0	 6	 0	 5	 0	 1
161	 0.300	 0	 6	 0	 5	 0	 1
161	 0.350	 5	 1	 5	 5	 0	 1
161	 0.050	 0	 1	 0	 5	 0	 1
161	 0.300	 4	 0	 5	 0	 0	 1
161	 0.050	 4	 0	 5	 0	 0	 1
162	 0.300	 3	 3	 5	 5	 0	 1
162	 0.300	 0	 0	 0	 0	 1	 1
162	 0.050	 8	 7	 5	 5	 0	 1
162	 0.300	 0	 0	 0	 0	 1	 1
162	 0.050	 8	 7	 5	 5	 0	 1
162	 0.300	 0	 0	 0	 0	 1	 1
162	 0.050	 8	 7	 5	 5	 0	 1
162	 0.300	 0	 0	 0	 0	 1	 1
162	 0.050	 8	 7	 5	 5	 0	 1
162	 0.050	 0	 0	 0	 0	 1	 1
162	 0.600	 0	 0	 0	 0	 0	 0
163	 0.300	 1	 0	 5	 0	 0	 1
163	 0.600	 0	 0	 0	 0	 0	 0
163	 0.400	 1	 1	 5	 5	 0	 1
163	 0.300	 4	 0	 5	 0	 0	 1
163	 0.050	 4	 0	 5	 0	 0	 1
163	 0.150	 4	 4	 5	 5	 0	 1
163	 0.150	 3	 3	 5	 5	 0	 1
163	 0.300	 0	 0	 0	 0	 1	 1
163	 0.050	 4	 4	 5	 5	 0	 1
164	 0.300	 4	 4	 5	 5	 0	 1
164	 0.150	 4	 4	 5	 5	 0	 1
164	 0.150	 3	 3	 5	 5	 0	 1
164	 0.300	 4	 4	 5	 5	 0	 1
164	 0.300	 3	 3	 5	 5	 0	 1
164	 0.300	 2	 0	 5	 0	 0	 1
164	 0.350	 5	 1	 5	 5	 0	 1
165	 0.600	 0	 0	 0	 0	 0	 0
165	 0.300	 0	 0	 0	 0	 1	 1
165	 0.050	 8	 0	 5	 0	 0	 1
165	 0.050	 0	 0	 0	 0	 1	 1
165	 0.600	 0	 0	 0	 0	 0	 0
165	 0.300	 2	 2	 5	 5	 0	 1
165	 0.300	 0	 3	 0	 5	 0	 1
165	 0.050	 0	 3	 0	 5	 0	 1
166	 0.600	 0	 0	 0	 0	 0	 0
166	 0.600	 0	 0	 0	 0	 0	 0
166	 0.600	 0	 0	 0	 0	 0	 0
167	 0.600	 0	 0	 0	 0	 0	 0
167	 0.600	 0	 0	 0	 0	 0	 0
167	 0.600	 0	 0	 0	 0	 0	 0
168	 0.600	 0	 0	 0	 0	 0	 0
168	 0.600	 0	 0	 0	 0	 0	 0
168	 0.600	 0	 0	 0	 0	 0	 0
169	 0.600	 0	 0	 0	 0	 0	 0
169	 0.600	 0	 0	 0	 0	 0	 0
169	 0.600	 0	 0	 0	 0	 0	 0
170	 0.600	 0	 0	 0	 0	 0	 0
170	 0.550	 2	 2	 5	 5	 0	 1
170	 0.050	 0	 3	 0	 5	 0	 1
170	 0.050	 0	 3	 0	 5	 0	 1
170	 0.600	 0	 0	 0	 0	 0	 0
171	 0.600	 0	 0	 0	 0	 0	 0
171	 0.600	 0	 0	 0	 0	 0	 0
171	 0.150	 2	 0	 5	 0	 0	 1
171	 0.050	 2	 0	 5	 0	 0	 1
171	 0.050	 0	 3	 0	 5	 0	 1
171	 0.600	 0	 0	 0	 0	 0	 0
172	 0.400	 0	 3	 0	 5	 0	 1
172	 0.600	 0	 0	 0	 0	 0	 0
172	 0.400	 2	 0	 5	 0	 0	 1
172	 0.100	 0	 3	 0	 5	 0	 1
172	 0.050	 0	 3	 0	 5	 0	 1
172	 0.600	 0	 0	 0	 0	 0	 0
173	 0.350	 0	 3	 0	 5	 0	 1
173	 0.050	 0	 3	 0	 5	 0	 1
173	 0.600	 0	 0	 0	 0	 0	 0
173	 0.400	 2	 0	 5	 0	 0	 1
173	 0.050	 2	 0	 5	 0	 0	 1
173	 0.050	 0	 3	 0	 5	 0	 1
173	 0.050	 0	 3	 0	 5	 0	 1
173	 0.600	 0	 0	 0	 0	 0	 0
174	 0.600	 0	 0	 0	 0	 0	 0
174	 0.600	 0	 0	 0	 0	 0	 0
174	 0.150	 2	 0	 5	 0	 0	 1
174	 0.100	 0	 3	 0	 5	 0	 1
174	 0.050	 0	 3	 0	 5	 0	 1
174	 0.600	 0	 0	 0	 0	 0	 0
175	 0.350	 0	 3	 0	 5	 0	 1
175	 0.600	 0	 0	 0	 0	 0	 0
175	 0.400	 2	 0	 5	 0	 0	 1
175	 0.050	 2	 0	 5	 0	 0	 1
175	 0.050	 0	 3	 0	 5	 0	 1
175	 0.600	 0	 0	 0	 0	 0	 0
176	 0.400	 0	 3	 0	 5	 0	 1
176	 0.600	 0	 0	 0	 0	 0	 0
176	 0.400	 2	 0	 5	 0	 0	 1
176	 0.100	 0	 3	 0	 5	 0	 1
176	 0.050	 0	 3	 0	 5	 0	 1
176	 0.600	 0	 0	 0	 0	 0	 0
177	 0.600	 0	 0	 0	 0	 0	 0
177	 0.600	 0	 0	 0	 0	 0	 0
177	 0.150	 2	 0	 5	 0	 0	 1
177	 0.050	 2	 0	 5	 0	 0	 1
177	 0.050	 0	 3	 0	 5	 0	 1
177	 0.050	 0	 3	 0	 5	 0	 1
177	 0.600	 0	 0	 0	 0	 0	 0
178	 0.350	 0	 3	 0	 5	 0	 1
178	 0.600	 0	 0	 0	 0	 0	 0
178	 0.400	 2	 2	 5	 5	 0	 1
178	 0.050	 0	 3	 0	 5	 0	 1
178	 0.050	 0	 3	 0	 5	 0	 1
178	 0.600	 0	 0	 0	 0	 0	 0
179	 0.350	 0	 3	 0	 5	 0	 1
179	 0.600	 0	 0	 0	 0	 0	 0
179	 0.400	 2	 2	 5	 5	 0	 1
179	 0.050	 0	 3	 0	 5	 0	 1
179	 0.050	 0	 3	 0	 5	 0	 1
179	 0.600	 0	 0	 0	 0	 0	 0
180	 0.400	 0	 3	 0	 5	 0	 1
180	 0.600	 0	 0	 0	 0	 0	 0
180	 0.400	 2	 2	 5	 5	 0	 1
180	 0.050	 0	 3	 0	 5	 0	 1
180	 0.050	 0	 3	 0	 5	 0	 1
180	 0.600	 0	 0	 0	 0	 0	 0
181	 0.400	 0	 3	 0	 5	 0	 1
181	 0.600	 0	 0	 0	 0	 0	 0
181	 0.400	 2	 2	 5	 5	 0	 1
181	 0.050	 0	 3	 0	 5	 0	 1
181	 0.600	 0	 0	 0	 0	 0	 0
182	 0.600	 0	 0	 0	 0	 0	 0
182	 0.600	 0	 0	 0	 0	 0	 0
182	 0.200	 2	 0	 5	 0	 0	 1
182	 0.050	 2	 0	 5	 0	 0	 1
182	 0.050	 0	 3	 0	 5	 0	 1
182	 0.050	 3	 3	 5	 5	 0	 1
182	 0.600	 0	 0	 0	 0	 0	 0
183	 0.350	 3	 0	 5	 0	 0	 1
183	 0.600	 0	 0	 0	 0	 0	 0
183	 0.400	 2	 2	 5	 5	 0	 1
183	 0.050	 0	 3	 0	 5	 0	 1
183	 0.050	 0	 3	 0	 5	 0	 1
183	 0.600	 0	 0	 0	 0	 0	 0
184	 0.600	 0	 0	 0	 0	 0	 0
184	 0.600	 0	 0	 0	 0	 0	 0
184	 0.150	 2	 0	 5	 0	 0	 1
184	 0.050	 2	 0	 5	 0	 0	 1
184	 0.050	 0	 3	 0	 5	 0	 1
184	 0.050	 0	 3	 0	 5	 0	 1
184	 0.600	 0	 0	 0	 0	 0	 0
185	 0.400	 0	 3	 0	 5	 0	 1
185	 0.600	 0	 0	 0	 0	 0	 0
185	 0.400	 2	 2	 5	 5	 0	 1
185	 0.050	 0	 3	 0	 5	 0	 1
185	 0.050	 0	 3	 0	 5	 0	 1
185	 0.200	 2	 0	 5	 0	 0	 1
185	 0.250	 0	 2	 0	 5	 0	 1
185	 0.050	 0	 2	 0	 5	 0	 1
185	 0.250	 3	 0	 5	 0	 0	 1
185	 0.050	 3	 0	 5	 0	 0	 1
185	 0.050	 3	 0	 5	 0	 0	 1
185	 0.050	 3	 0	 5	 0	 0	 1
186	 0.400	 0	 7	 0	 5	 1	 1
186	 0.550	 5	 5	 5	 5	 0	 1
186	 0.500	 5	 1	 5	 5	 0	 1
186	 0.450	 5	 5	 5	 5	 1	 1
187	 0.500	 5	 5	 5	 5	 1	 1
187	 0.050	 0	 0	 0	 0	 1	 1
187	 0.500	 5	 5	 5	 5	 0	 1
187	 0.500	 5	 1	 5	 5	 0	 1
187	 0.500	 5	 5	 5	 5	 0	 1
188	 0.500	 0	 0	 0	 0	 1	 1
188	 0.050	 5	 5	 5	 5	 0	 1
188	 0.500	 5	 5	 5	 5	 0	 1
188	 0.500	 5	 1	 5	 5	 0	 1
188	 0.500	 5	 5	 5	 5	 0	 1
189	 0.500	 0	 0	 0	 0	 1	 1
189	 0.050	 5	 5	 5	 5	 0	 1
189	 0.500	 5	 5	 5	 5	 0	 1
189	 0.500	 5	 1	 5	 5	 0	 1
189	 0.500	 5	 5	 5	 5	 0	 1
190	 0.500	 8	 0	 5	 0	 1	 1
190	 0.550	 5	 5	 5	 5	 0	 1
190	 0.500	 5	 1	 5	 5	 0	 1
190	 0.450	 0	 0	 0	 0	 1	 1
190	 0.050	 5	 5	 5	 5	 0	 1
191	 0.500	 0	 0	 0	 0	 1	 1
191	 0.050	 5	 5	 5	 5	 0	 1
191	 0.050	 0	 0	 0	 0	 1	 1
191	 0.500	 5	 5	 5	 5	 0	 1
191	 0.500	 5	 1	 5	 5	 0	 1
191	 0.500	 5	 5	 5	 5	 0	 1
192	 0.500	 8	 0	 5	 0	 1	 1
192	 0.450	 0	 5	 0	 5	 0	 1
192	 0.450	 5	 1	 5	 5	 0	 1
192	 0.450	 5	 5	 5	 5	 0	 1
192	 0.450	 5	 1	 5	 5	 0	 1
193	 0.450	 5	 5	 5	 5	 0	 1
193	 0.450	 5	 1	 5	 5	 0	 1
193	 0.100	 0	 1	 0	 5	 0	 1
193	 0.350	 5	 5	 5	 5	 0	 1
193	 0.450	 4	 4	 5	 5	 0	 1
193	 0.100	 4	 0	 5	 0	 0	 1
193	 0.050	 4	 0	 5	 0	 0	 1
193	 0.050	 4	 1	 5	 5	 0	 1
193	 0.050	 0	 1	 0	 5	 0	 1
193	 0.100	 0	 1	 0	 5	 0	 1
193	 0.100	 0	 1	 0	 5	 0	 1
193	 0.100	 0	 1	 0	 5	 0	 1
194	 0.050	 0	 1	 0	 5	 0	 1
194	 0.100	 0	 1	 0	 5	 0	 1
194	 0.050	 0	 1	 0	 5	 0	 1
194	 0.050	 4	 0	 5	 0	 0	 1
194	 0.050	 4	 0	 5	 0	 0	 1
194	 0.050	 4	 4	 5	 5	 0	 1
194	 0.100	 4	 0	 5	 0	 0	 1
194	 0.250	 0	 4	 0	 5	 0	 1
194	 0.050	 0	 4	 0	 5	 0	 1
194	 0.100	 0	 4	 0	 5	 0	 1
194	 0.100	 2	 4	 5	 5	 0	 1
194	 0.050	 2	 0	 5	 0	 0	 1
194	 0.150	 0	 4	 0	 5	 0	 1
194	 0.250	 7	 0	 5	 0	 1	 1
194	 0.450	 5	 1	 5	 5	 0	 1
194	 0.050	 5	 1	 5	 5	 0	 1
194	 0.050	 0	 1	 0	 5	 0	 1
194	 0.050	 0	 1	 0	 5	 0	 1
194	 0.050	 0	 1	 0	 5	 0	 1
194	 0.050	 5	 1	 5	 5	 1	 1
194	 0.050	 0	 1	 0	 5	 0	 1
194	 0.050	 0	 1	 0	 5	 0	 1
194	 0.100	 5	 0	 5	 0	 0	 1
195	 0.200	 5	 0	 5	 0	 0	 1
195	 0.200	 5	 1	 5	 5	 0	 1
195	 0.050	 0	 1	 0	 5	 0	 1
195	 0.050	 0	 1	 0	 5	 0	 1
195	 0.050	 0	 1	 0	 5	 0	 1
195	 0.050	 0	 1	 0	 5	 0	 1
195	 0.050	 5	 1	 5	 5	 0	 1
195	 0.050	 0	 1	 0	 5	 0	 1
195	 0.050	 0	 1	 0	 5	 0	 1
195	 0.100	 5	 0	 5	 0	 1	 1
195	 0.200	 5	 0	 5	 0	 0	 1
195	 0.200	 5	 1	 5	 5	 0	 1
195	 0.050	 0	 1	 0	 5	 0	 1
195	 0.050	 0	 1	 0	 5	 0	 1
195	 0.100	 0	 1	 0	 5	 0	 1
195	 0.050	 5	 1	 5	 5	 1	 1
195	 0.050	 0	 1	 0	 5	 0	 1
195	 0.050	 0	 1	 0	 5	 0	 1
195	 0.050	 0	 1	 0	 5	 0	 1
195	 0.050	 5	 0	 5	 0	 0	 1
195	 0.200	 5	 0	 5	 0	 0	 1
195	 0.200	 5	 1	 5	 5	 0	 1
195	 0.100	 0	 1	 0	 5	 0	 1
195	 0.050	 0	 1	 0	 5	 0	 1
195	 0.050	 0	 1	 0	 5	 0	 1
195	 0.050	 5	 1	 5	 5	 0	 1
196	 0.050	 1	 1	 5	 5	 0	 1
196	 0.050	 0	 5	 0	 5	 1	 1
196	 0.200	 5	 1	 5	 5	 0	 1
196	 0.200	 5	 1	 5	 5	 0	 1
196	 0.100	 0	 1	 0	 5	 0	 1
196	 0.050	 0	 1	 0	 5	 0	 1
196	 0.050	 0	 1	 0	 5	 0	 1
196	 0.050	 5	 1	 5	 5	 1	 1
196	 0.050	 1	 1	 5	 5	 0	 1
196	 0.050	 1	 0	 5	 0	 0	 1
196	 0.100	 0	 5	 0	 5	 1	 1
196	 0.100	 1	 0	 5	 0	 0	 1
196	 0.100	 0	 5	 0	 5	 0	 1
196	 0.200	 5	 1	 5	 5	 0	 1
196	 0.100	 0	 1	 0	 5	 0	 1
196	 0.050	 0	 1	 0	 5	 0	 1
196	 0.050	 0	 1	 0	 5	 0	 1
196	 0.050	 5	 1	 5	 5	 0	 1
196	 0.050	 1	 1	 5	 5	 0	 1
196	 0.100	 1	 0	 5	 0	 0	 1
196	 0.050	 0	 5	 0	 5	 1	 1
196	 0.100	 1	 0	 5	 0	 0	 1
196	 0.100	 5	 1	 5	 5	 0	 1
196	 0.200	 5	 1	 5	 5	 0	 1
196	 0.050	 0	 1	 0	 5	 0	 1
196	 0.050	 0	 1	 0	 5	 0	 1
196	 0.050	 0	 1	 0	 5	 0	 1
197	 0.050	 0	 1	 0	 5	 0	 1
197	 0.050	 5	 1	 5	 5	 1	 1
197	 0.050	 0	 1	 0	 5	 0	 1
197	 0.050	 0	 1	 0	 5	 0	 1
197	 0.050	 0	 1	 0	 5	 0	 1
197	 0.050	 0	 1	 0	 5	 0	 1
197	 0.050	 5	 0	 5	 0	 1	 1
197	 0.100	 0	 1	 0	 5	 0	 1
197	 0.100	 5	 0	 5	 0	 0	 1
197	 0.200	 0	 1	 0	 5	 0	 1
197	 0.050	 0	 1	 0	 5	 0	 1
197	 0.050	 0	 1	 0	 5	 0	 1
197	 0.100	 0	 1	 0	 5	 0	 1
197	 0.050	 5	 1	 5	 5	 1	 1
197	 0.050	 0	 1	 0	 5	 0	 1
197	 0.100	 1	 1	 5	 5	 0	 1
197	 0.050	 8	 1	 5	 5	 1	 1
197	 0.200	 5	 0	 5	 0	 0	 1
197	 0.200	 5	 1	 5	 5	 0	 1
197	 0.050	 0	 1	 0	 5	 0	 1
197	 0.050	 0	 1	 0	 5	 0	 1
197	 0.050	 0	 1	 0	 5	 0	 1
197	 0.050	 1	 1	 5	 5	 0	 1
197	 0.050	 0	 5	 0	 5	 1	 1
197	 0.150	 1	 1	 5	 5	 0	 1
197	 0.050	 0	 5	 0	 5	 0	 1
197	 0.150	 1	 0	 5	 0	 0	 1
197	 0.100	 0	 5	 0	 5	 0	 1
198	 0.200	 5	 1	 5	 5	 0	 1
198	 0.050	 0	 1	 0	 5	 0	 1
198	 0.050	 0	 1	 0	 5	 0	 1
198	 0.050	 0	 1	 0	 5	 0	 1
198	 0.050	 0	 1	 0	 5	 0	 1
198	 0.050	 5	 1	 5	 5	 1	 1
198	 0.050	 1	 1	 5	 5	 0	 1
198	 0.150	 0	 5	 0	 5	 1	 1
198	 0.200	 5	 1	 5	 5	 0	 1
198	 0.200	 5	 1	 5	 5	 0	 1
198	 0.050	 0	 1	 0	 5	 0	 1
198	 0.050	 0	 1	 0	 5	 0	 1
198	 0.050	 0	 1	 0	 5	 0	 1
198	 0.050	 0	 1	 0	 5	 0	 1
198	 0.050	 5	 1	 5	 5	 1	 1
198	 0.050	 0	 1	 0	 5	 0	 1
198	 0.100	 0	 1	 0	 5	 0	 1
198	 0.050	 5	 1	 5	 5	 0	 1
198	 0.050	 0	 1	 0	 5	 0	 1
198	 0.350	 0	 1	 0	 5	 0	 1
198	 0.050	 0	 1	 0	 5	 0	 1
198	 0.200	 1	 0	 5	 0	 0	 1
198	 0.100	 1	 0	 5	 0	 0	 1
198	 0.100	 8	 0	 5	 0	 1	 1
199	 0.200	 5	 1	 5	 5	 0	 1
199	 0.200	 8	 1	 5	 5	 0	 1
199	 0.050	 0	 1	 0	 5	 0	 1
199	 0.300	 0	 1	 0	 5	 0	 1
199	 0.100	 0	 1	 0	 5	 0	 1
199	 0.050	 0	 1	 0	 5	 0	 1
199	 0.100	 7	 2	 5	 5	 0	 1
199	 0.400	 7	 0	 5	 0	 1	 1
199	 0.450	 0	 5	 0	 5	 0	 1
199	 0.050	 0	 5	 0	 5	 0	 1
199	 0.200	 5	 1	 5	 5	 0	 1
199	 0.100	 0	 1	 0	 5	 0	 1
199	 0.050	 0	 1	 0	 5	 0	 1
199	 0.050	 0	 1	 0	 5	 0	 1
199	 0.050	 5	 1	 5	 5	 0	 1
199	 0.050	 5	 0	 5	 0	 0	 1
200	 0.100	 0	 1	 0	 5	 0	 1
200	 0.100	 4	 0	 5	 0	 0	 1
200	 0.050	 4	 0	 5	 0	 0	 1
200	 0.350	 3	 0	 5	 0	 0	 1
200	 0.050	 0	 2	 0	 5	 0	 1
201	 0.600	 0	 0	 0	 0	 0	 0
-1	 0.600	 1	 1	 1	 1	 1	 1
